message_id,glid,entry_date,source,message_sender,campaign_name,message_status,sent_at,delivered_at,read_at
608655693,243689317,2026-06-22 14:02:36.000,WhatsApp9696,USER,,delivered,2026-06-22 14:02:33.000,2026-06-22 14:02:33.000,2026-06-22 14:02:33.000
608655728,243689317,2026-06-22 14:02:36.000,WhatsApp9696,USER,,delivered,2026-06-22 14:02:33.000,2026-06-22 14:02:33.000,2026-06-22 14:02:33.000
608655775,243689317,2026-06-22 14:02:37.000,WhatsApp9696,USER,,delivered,2026-06-22 14:02:33.000,2026-06-22 14:02:33.000,2026-06-22 14:02:33.000
608665883,243689317,2026-06-22 14:05:51.000,WhatsApp9696,USER,,delivered,2026-06-22 14:05:48.000,2026-06-22 14:05:48.000,2026-06-22 14:05:48.000
608666341,243689317,2026-06-22 14:05:59.000,WhatsApp9696,USER,,delivered,2026-06-22 14:05:56.000,2026-06-22 14:05:56.000,2026-06-22 14:05:56.000
876183184,114584804,2026-09-12 19:21:45.000,WhatsApp8181,API,ai_photo_hinglish_temp,read,2026-09-12 19:21:32.000,2026-09-12 19:21:39.000,2026-09-12 19:37:13.000
876270505,114584804,2026-09-12 19:37:18.000,WhatsApp8181,API,ai_nudge_13_1,read,2026-08-26 10:19:24.000,2026-08-26 10:19:24.000,2026-09-12 19:37:13.000
876270543,114584804,2026-09-12 19:37:18.000,WhatsApp8181,API,ai_photo_hinglish_temp,read,2026-08-25 16:37:32.000,2026-08-25 16:37:33.000,2026-09-12 19:37:13.000
876270567,114584804,2026-09-12 19:37:18.000,WhatsApp8181,API,ai_photo_hinglish_gujarati_1,read,2026-08-29 15:56:44.000,2026-08-29 15:56:46.000,2026-09-12 19:37:13.000
876270581,114584804,2026-09-12 19:37:19.000,WhatsApp8181,API,ai_nudge_13_1,read,2026-08-30 10:09:43.000,2026-08-30 10:09:54.000,2026-09-12 19:37:13.000
876362786,114584804,2026-09-12 19:53:49.000,WhatsApp9696,API,8047662588_airtel_astbuy12,delivered,2026-09-12 19:53:40.000,2026-09-12 19:53:43.000,
876362857,114584804,2026-09-12 19:53:50.000,WhatsApp9696,API,8047825943_airtel_astbuy12,delivered,2026-09-12 19:53:41.000,2026-09-12 19:53:43.000,
876366308,114584804,2026-09-12 19:54:32.000,WhatsApp9696,API,8047830324_airtel_astbuy10,delivered,2026-09-12 19:54:22.000,2026-09-12 19:54:25.000,
809944011,96255123,2026-08-29 17:27:29.000,WhatsApp9696,API,7942613079_airtel_astbuy10,read,2026-08-29 17:27:21.000,2026-08-29 17:27:22.000,2026-09-01 15:12:06.000
809944073,96255123,2026-08-29 17:27:30.000,WhatsApp9696,API,8047662588_airtel_astbuy10,read,2026-08-29 17:27:22.000,2026-08-29 17:27:23.000,2026-09-01 15:12:06.000
809944102,96255123,2026-08-29 17:27:31.000,WhatsApp9696,API,7942616554_airtel_astbuy10,read,2026-08-29 17:27:20.000,2026-08-29 17:27:25.000,2026-09-01 15:12:06.000
809944165,96255123,2026-08-29 17:27:32.000,WhatsApp9696,API,7942625041_airtel_astbuy10,read,2026-08-29 17:27:25.000,2026-08-29 17:27:26.000,2026-09-01 15:12:06.000
876554570,114584804,2026-09-12 20:28:08.000,WhatsApp9696,API,7942613079_airtel_astbuy10,delivered,2026-09-12 20:28:00.000,2026-09-12 20:28:00.000,
876565728,114584804,2026-09-12 20:30:21.000,WhatsApp9696,API,7942968633_airtel_astbuy10,delivered,2026-09-12 20:30:14.000,2026-09-12 20:30:14.000,
817784706,96255123,2026-09-01 10:30:56.000,WhatsApp9696,API,copy_payment_invoice_3qr_jun26,read,2026-09-01 10:30:45.000,2026-09-01 10:30:51.000,2026-09-01 15:12:06.000
876896783,114584804,2026-09-12 21:36:20.000,WhatsApp9696,API,8047625383_airtel_astbuy10,delivered,2026-09-12 21:36:09.000,2026-09-12 21:36:14.000,
877178086,114584804,2026-09-12 22:51:14.000,WhatsApp9696,API,7942666273_airtel_astbuy10,delivered,2026-09-12 22:51:05.000,2026-09-12 22:51:06.000,
765164981,243689317,2026-08-14 10:27:13.000,WhatsApp9696,API,7942613079_airtel_astbuy10,read,2026-08-14 10:26:00.000,2026-08-14 10:26:01.000,2026-08-14 10:46:56.000
765605378,243689317,2026-08-14 12:46:15.000,WhatsApp9696,API,8047662588_airtel_astbuy10,read,2026-08-14 12:46:05.000,2026-08-14 12:46:09.000,2026-08-16 00:52:58.000
880639992,114584804,2026-09-13 17:13:11.000,WhatsApp9696,API,,failed,2026-09-13 17:13:01.000,,
770044329,243689317,2026-08-15 22:30:41.000,WhatsApp9696,API,7942616554_airtel_astbuy10,read,2026-08-15 22:30:35.000,2026-08-15 22:30:35.000,2026-08-16 00:52:58.000
825942150,96255123,2026-09-03 15:35:51.000,WhatsApp9696,USER,,delivered,2026-09-03 15:35:49.000,2026-09-03 15:35:49.000,2026-09-03 15:35:49.000
825942803,96255123,2026-09-03 15:36:01.000,WhatsApp9696,API,,read,2026-09-03 15:35:53.000,2026-09-03 15:35:54.000,2026-09-03 15:35:54.000
825942890,96255123,2026-09-03 15:36:02.000,WhatsApp9696,API,,read,2026-09-03 15:35:53.000,2026-09-03 15:35:57.000,2026-09-03 15:35:57.000
825945056,96255123,2026-09-03 15:36:35.000,WhatsApp9696,USER,,delivered,2026-09-03 15:36:33.000,2026-09-03 15:36:33.000,2026-09-03 15:36:33.000
825946053,96255123,2026-09-03 15:36:51.000,WhatsApp9696,API,,read,2026-09-03 15:36:42.000,2026-09-03 15:36:43.000,2026-09-03 15:37:25.000
825948203,96255123,2026-09-03 15:37:25.000,WhatsApp9696,USER,,delivered,2026-09-03 15:37:21.000,2026-09-03 15:37:21.000,2026-09-03 15:37:21.000
825948223,96255123,2026-09-03 15:37:25.000,WhatsApp9696,USER,,delivered,2026-09-03 15:37:21.000,2026-09-03 15:37:21.000,2026-09-03 15:37:21.000
825948230,96255123,2026-09-03 15:37:26.000,WhatsApp9696,USER,,delivered,2026-09-03 15:37:22.000,2026-09-03 15:37:22.000,2026-09-03 15:37:22.000
825948285,96255123,2026-09-03 15:37:28.000,WhatsApp9696,USER,,delivered,2026-09-03 15:37:22.000,2026-09-03 15:37:22.000,
825948291,96255123,2026-09-03 15:37:26.000,WhatsApp9696,USER,,delivered,2026-09-03 15:37:22.000,2026-09-03 15:37:22.000,2026-09-03 15:37:22.000
825948349,96255123,2026-09-03 15:37:27.000,WhatsApp9696,USER,,delivered,2026-09-03 15:37:22.000,2026-09-03 15:37:22.000,2026-09-03 15:37:22.000
825948355,96255123,2026-09-03 15:37:27.000,WhatsApp9696,USER,,delivered,2026-09-03 15:37:22.000,2026-09-03 15:37:22.000,2026-09-03 15:37:22.000
825948407,96255123,2026-09-03 15:37:28.000,WhatsApp9696,USER,,delivered,2026-09-03 15:37:22.000,2026-09-03 15:37:22.000,2026-09-03 15:37:22.000
825948422,96255123,2026-09-03 15:37:28.000,WhatsApp9696,USER,,delivered,2026-09-03 15:37:22.000,2026-09-03 15:37:22.000,2026-09-03 15:37:22.000
825948498,96255123,2026-09-03 15:37:30.000,WhatsApp9696,USER,,delivered,2026-09-03 15:37:22.000,2026-09-03 15:37:22.000,2026-09-03 15:37:22.000
825948521,96255123,2026-09-03 15:37:30.000,WhatsApp9696,USER,,delivered,2026-09-03 15:37:22.000,2026-09-03 15:37:22.000,2026-09-03 15:37:22.000
825948522,96255123,2026-09-03 15:37:30.000,WhatsApp9696,USER,,delivered,2026-09-03 15:37:22.000,2026-09-03 15:37:22.000,2026-09-03 15:37:22.000
825948553,96255123,2026-09-03 15:37:31.000,WhatsApp9696,USER,,delivered,2026-09-03 15:37:22.000,2026-09-03 15:37:22.000,2026-09-03 15:37:22.000
825948595,96255123,2026-09-03 15:37:31.000,WhatsApp9696,USER,,delivered,2026-09-03 15:37:22.000,2026-09-03 15:37:22.000,2026-09-03 15:37:22.000
825948617,96255123,2026-09-03 15:37:32.000,WhatsApp9696,USER,,delivered,2026-09-03 15:37:22.000,2026-09-03 15:37:22.000,2026-09-03 15:37:22.000
825948843,96255123,2026-09-03 15:37:37.000,WhatsApp9696,API,,read,2026-09-03 15:37:28.000,2026-09-03 15:37:31.000,2026-09-03 15:37:31.000
825949667,96255123,2026-09-03 15:37:53.000,WhatsApp9696,USER,,delivered,2026-09-03 15:37:51.000,2026-09-03 15:37:51.000,2026-09-03 15:37:51.000
825950357,96255123,2026-09-03 15:38:03.000,WhatsApp9696,API,,read,2026-09-03 15:37:57.000,2026-09-03 15:37:58.000,2026-09-03 15:37:58.000
825950421,96255123,2026-09-03 15:38:04.000,WhatsApp9696,USER,,delivered,2026-09-03 15:38:03.000,2026-09-03 15:38:03.000,2026-09-03 15:38:03.000
825950967,96255123,2026-09-03 15:38:11.000,WhatsApp9696,API,,read,2026-09-03 15:38:06.000,2026-09-03 15:38:07.000,2026-09-03 15:38:07.000
825953239,96255123,2026-09-03 15:38:45.000,WhatsApp9696,USER,,delivered,2026-09-03 15:38:41.000,2026-09-03 15:38:41.000,2026-09-03 15:38:41.000
825953241,96255123,2026-09-03 15:38:45.000,WhatsApp9696,USER,,delivered,2026-09-03 15:38:41.000,2026-09-03 15:38:41.000,2026-09-03 15:38:41.000
825953268,96255123,2026-09-03 15:38:46.000,WhatsApp9696,USER,,delivered,2026-09-03 15:38:41.000,2026-09-03 15:38:41.000,2026-09-03 15:38:41.000
825953322,96255123,2026-09-03 15:38:46.000,WhatsApp9696,USER,,delivered,2026-09-03 15:38:41.000,2026-09-03 15:38:41.000,2026-09-03 15:38:41.000
825953350,96255123,2026-09-03 15:38:47.000,WhatsApp9696,USER,,delivered,2026-09-03 15:38:41.000,2026-09-03 15:38:41.000,2026-09-03 15:38:41.000
825953402,96255123,2026-09-03 15:38:47.000,WhatsApp9696,USER,,delivered,2026-09-03 15:38:41.000,2026-09-03 15:38:41.000,2026-09-03 15:38:41.000
825953513,96255123,2026-09-03 15:38:49.000,WhatsApp9696,USER,,delivered,2026-09-03 15:38:41.000,2026-09-03 15:38:41.000,2026-09-03 15:38:41.000
825953516,96255123,2026-09-03 15:38:49.000,WhatsApp9696,USER,,delivered,2026-09-03 15:38:41.000,2026-09-03 15:38:41.000,2026-09-03 15:38:41.000
825953538,96255123,2026-09-03 15:38:49.000,WhatsApp9696,USER,,delivered,2026-09-03 15:38:41.000,2026-09-03 15:38:41.000,2026-09-03 15:38:41.000
825953583,96255123,2026-09-03 15:38:50.000,WhatsApp9696,USER,,delivered,2026-09-03 15:38:41.000,2026-09-03 15:38:41.000,2026-09-03 15:38:41.000
825953623,96255123,2026-09-03 15:38:50.000,WhatsApp9696,USER,,delivered,2026-09-03 15:38:41.000,2026-09-03 15:38:41.000,2026-09-03 15:38:41.000
825953658,96255123,2026-09-03 15:38:51.000,WhatsApp9696,USER,,delivered,2026-09-03 15:38:41.000,2026-09-03 15:38:41.000,2026-09-03 15:38:41.000
825953661,96255123,2026-09-03 15:38:52.000,WhatsApp9696,USER,,delivered,2026-09-03 15:38:41.000,2026-09-03 15:38:41.000,
825953728,96255123,2026-09-03 15:38:52.000,WhatsApp9696,USER,,delivered,2026-09-03 15:38:41.000,2026-09-03 15:38:41.000,2026-09-03 15:38:41.000
825953756,96255123,2026-09-03 15:38:52.000,WhatsApp9696,USER,,delivered,2026-09-03 15:38:41.000,2026-09-03 15:38:41.000,2026-09-03 15:38:41.000
825953816,96255123,2026-09-03 15:38:53.000,WhatsApp9696,USER,,delivered,2026-09-03 15:38:41.000,2026-09-03 15:38:41.000,2026-09-03 15:38:41.000
825953856,96255123,2026-09-03 15:38:54.000,WhatsApp9696,USER,,delivered,2026-09-03 15:38:41.000,2026-09-03 15:38:41.000,2026-09-03 15:38:41.000
825953899,96255123,2026-09-03 15:38:54.000,WhatsApp9696,USER,,delivered,2026-09-03 15:38:41.000,2026-09-03 15:38:41.000,2026-09-03 15:38:41.000
825957883,96255123,2026-09-03 15:39:55.000,WhatsApp9696,USER,,delivered,2026-09-03 15:39:54.000,2026-09-03 15:39:54.000,2026-09-03 15:39:54.000
825989088,96255123,2026-09-03 15:47:42.000,WhatsApp9696,Agent,,read,2026-09-03 15:47:43.000,2026-09-03 15:47:45.000,2026-09-03 15:48:38.000
825992241,96255123,2026-09-03 15:48:31.000,WhatsApp9696,Agent,,read,2026-09-03 15:48:32.000,2026-09-03 15:48:34.000,2026-09-03 15:48:38.000
825993306,96255123,2026-09-03 15:48:48.000,WhatsApp9696,USER,,delivered,2026-09-03 15:48:46.000,2026-09-03 15:48:46.000,2026-09-03 15:48:46.000
825994241,96255123,2026-09-03 15:49:03.000,WhatsApp9696,Agent,,read,2026-09-03 15:49:04.000,2026-09-03 15:49:06.000,2026-09-03 15:49:09.000
825995626,96255123,2026-09-03 15:49:23.000,WhatsApp9696,USER,,delivered,2026-09-03 15:49:19.000,2026-09-03 15:49:19.000,2026-09-03 15:49:19.000
825995655,96255123,2026-09-03 15:49:23.000,WhatsApp9696,USER,,delivered,2026-09-03 15:49:19.000,2026-09-03 15:49:19.000,2026-09-03 15:49:19.000
825995659,96255123,2026-09-03 15:49:23.000,WhatsApp9696,USER,,delivered,2026-09-03 15:49:19.000,2026-09-03 15:49:19.000,2026-09-03 15:49:19.000
825995734,96255123,2026-09-03 15:49:24.000,WhatsApp9696,USER,,delivered,2026-09-03 15:49:19.000,2026-09-03 15:49:19.000,2026-09-03 15:49:19.000
825995757,96255123,2026-09-03 15:49:24.000,WhatsApp9696,USER,,delivered,2026-09-03 15:49:20.000,2026-09-03 15:49:20.000,2026-09-03 15:49:20.000
825995821,96255123,2026-09-03 15:49:25.000,WhatsApp9696,USER,,delivered,2026-09-03 15:49:20.000,2026-09-03 15:49:20.000,2026-09-03 15:49:20.000
825995823,96255123,2026-09-03 15:49:26.000,WhatsApp9696,USER,,delivered,2026-09-03 15:49:20.000,2026-09-03 15:49:20.000,
825995895,96255123,2026-09-03 15:49:26.000,WhatsApp9696,USER,,delivered,2026-09-03 15:49:20.000,2026-09-03 15:49:20.000,2026-09-03 15:49:20.000
825995954,96255123,2026-09-03 15:49:27.000,WhatsApp9696,USER,,delivered,2026-09-03 15:49:21.000,2026-09-03 15:49:21.000,2026-09-03 15:49:21.000
825995970,96255123,2026-09-03 15:49:27.000,WhatsApp9696,USER,,delivered,2026-09-03 15:49:21.000,2026-09-03 15:49:21.000,2026-09-03 15:49:21.000
825996028,96255123,2026-09-03 15:49:29.000,WhatsApp9696,USER,,delivered,2026-09-03 15:49:23.000,2026-09-03 15:49:23.000,2026-09-03 15:49:23.000
825996041,96255123,2026-09-03 15:49:29.000,WhatsApp9696,USER,,delivered,2026-09-03 15:49:21.000,2026-09-03 15:49:21.000,
825996060,96255123,2026-09-03 15:49:28.000,WhatsApp9696,USER,,delivered,2026-09-03 15:49:21.000,2026-09-03 15:49:21.000,2026-09-03 15:49:21.000
825996168,96255123,2026-09-03 15:49:31.000,WhatsApp9696,USER,,delivered,2026-09-03 15:49:22.000,2026-09-03 15:49:22.000,
825996172,96255123,2026-09-03 15:49:30.000,WhatsApp9696,USER,,delivered,2026-09-03 15:49:22.000,2026-09-03 15:49:22.000,2026-09-03 15:49:22.000
825996257,96255123,2026-09-03 15:49:30.000,WhatsApp9696,USER,,delivered,2026-09-03 15:49:22.000,2026-09-03 15:49:22.000,2026-09-03 15:49:22.000
825997803,96255123,2026-09-03 15:49:54.000,WhatsApp9696,Agent,,read,2026-09-03 15:49:54.000,2026-09-03 15:49:57.000,2026-09-03 15:49:57.000
825998221,96255123,2026-09-03 15:49:59.000,WhatsApp9696,USER,,delivered,2026-09-03 15:49:58.000,2026-09-03 15:49:58.000,2026-09-03 15:49:58.000
826000025,96255123,2026-09-03 15:50:27.000,WhatsApp9696,USER,,delivered,2026-09-03 15:50:23.000,2026-09-03 15:50:23.000,2026-09-03 15:50:23.000
826000050,96255123,2026-09-03 15:50:28.000,WhatsApp9696,USER,,delivered,2026-09-03 15:50:24.000,2026-09-03 15:50:24.000,2026-09-03 15:50:24.000
826000101,96255123,2026-09-03 15:50:29.000,WhatsApp9696,USER,,delivered,2026-09-03 15:50:24.000,2026-09-03 15:50:24.000,2026-09-03 15:50:24.000
826000114,96255123,2026-09-03 15:50:29.000,WhatsApp9696,USER,,delivered,2026-09-03 15:50:24.000,2026-09-03 15:50:24.000,2026-09-03 15:50:24.000
826000181,96255123,2026-09-03 15:50:30.000,WhatsApp9696,USER,,delivered,2026-09-03 15:50:24.000,2026-09-03 15:50:24.000,2026-09-03 15:50:24.000
826000208,96255123,2026-09-03 15:50:32.000,WhatsApp9696,USER,,delivered,2026-09-03 15:50:25.000,2026-09-03 15:50:25.000,
826000299,96255123,2026-09-03 15:50:31.000,WhatsApp9696,USER,,delivered,2026-09-03 15:50:25.000,2026-09-03 15:50:25.000,2026-09-03 15:50:25.000
826000899,96255123,2026-09-03 15:50:43.000,WhatsApp9696,USER,,delivered,2026-09-03 15:50:41.000,2026-09-03 15:50:41.000,2026-09-03 15:50:41.000
826001863,96255123,2026-09-03 15:50:59.000,WhatsApp9696,Agent,,read,2026-09-03 15:51:01.000,2026-09-03 15:51:02.000,2026-09-03 15:51:28.000
826003647,96255123,2026-09-03 15:51:27.000,WhatsApp9696,Agent,,read,2026-09-03 15:51:28.000,2026-09-03 15:51:33.000,2026-09-03 15:51:33.000
826003854,96255123,2026-09-03 15:51:29.000,WhatsApp9696,USER,,delivered,2026-09-03 15:51:26.000,2026-09-03 15:51:26.000,2026-09-03 15:51:26.000
826003915,96255123,2026-09-03 15:51:30.000,WhatsApp9696,USER,,delivered,2026-09-03 15:51:26.000,2026-09-03 15:51:26.000,2026-09-03 15:51:26.000
826003959,96255123,2026-09-03 15:51:31.000,WhatsApp9696,USER,,delivered,2026-09-03 15:51:26.000,2026-09-03 15:51:26.000,2026-09-03 15:51:26.000
826003966,96255123,2026-09-03 15:51:31.000,WhatsApp9696,USER,,delivered,2026-09-03 15:51:26.000,2026-09-03 15:51:26.000,2026-09-03 15:51:26.000
826004087,96255123,2026-09-03 15:51:34.000,WhatsApp9696,USER,,delivered,2026-09-03 15:51:26.000,2026-09-03 15:51:26.000,
826004108,96255123,2026-09-03 15:51:33.000,WhatsApp9696,USER,,delivered,2026-09-03 15:51:26.000,2026-09-03 15:51:26.000,2026-09-03 15:51:26.000
826004141,96255123,2026-09-03 15:51:33.000,WhatsApp9696,USER,,delivered,2026-09-03 15:51:26.000,2026-09-03 15:51:26.000,2026-09-03 15:51:26.000
826004183,96255123,2026-09-03 15:51:35.000,WhatsApp9696,USER,,delivered,2026-09-03 15:51:26.000,2026-09-03 15:51:26.000,
826004280,96255123,2026-09-03 15:51:36.000,WhatsApp9696,USER,,delivered,2026-09-03 15:51:35.000,2026-09-03 15:51:35.000,2026-09-03 15:51:35.000
826009640,96255123,2026-09-03 15:53:00.000,WhatsApp9696,USER,,delivered,2026-09-03 15:52:56.000,2026-09-03 15:52:56.000,2026-09-03 15:52:56.000
826009646,96255123,2026-09-03 15:53:00.000,WhatsApp9696,USER,,delivered,2026-09-03 15:52:56.000,2026-09-03 15:52:56.000,2026-09-03 15:52:56.000
826009740,96255123,2026-09-03 15:53:01.000,WhatsApp9696,USER,,delivered,2026-09-03 15:52:56.000,2026-09-03 15:52:56.000,2026-09-03 15:52:56.000
826009782,96255123,2026-09-03 15:53:01.000,WhatsApp9696,USER,,delivered,2026-09-03 15:52:56.000,2026-09-03 15:52:56.000,2026-09-03 15:52:56.000
826009801,96255123,2026-09-03 15:53:02.000,WhatsApp9696,USER,,delivered,2026-09-03 15:52:56.000,2026-09-03 15:52:56.000,2026-09-03 15:52:56.000
826009850,96255123,2026-09-03 15:53:03.000,WhatsApp9696,USER,,delivered,2026-09-03 15:52:56.000,2026-09-03 15:52:56.000,2026-09-03 15:52:56.000
826009911,96255123,2026-09-03 15:53:03.000,WhatsApp9696,USER,,delivered,2026-09-03 15:52:56.000,2026-09-03 15:52:56.000,2026-09-03 15:52:56.000
826009912,96255123,2026-09-03 15:53:04.000,WhatsApp9696,USER,,delivered,2026-09-03 15:52:56.000,2026-09-03 15:52:56.000,2026-09-03 15:52:56.000
826009985,96255123,2026-09-03 15:53:04.000,WhatsApp9696,USER,,delivered,2026-09-03 15:52:56.000,2026-09-03 15:52:56.000,2026-09-03 15:52:56.000
826010000,96255123,2026-09-03 15:53:05.000,WhatsApp9696,USER,,delivered,2026-09-03 15:52:56.000,2026-09-03 15:52:56.000,2026-09-03 15:52:56.000
826010033,96255123,2026-09-03 15:53:06.000,WhatsApp9696,USER,,delivered,2026-09-03 15:52:56.000,2026-09-03 15:52:56.000,2026-09-03 15:52:56.000
826010105,96255123,2026-09-03 15:53:08.000,WhatsApp9696,USER,,delivered,2026-09-03 15:52:56.000,2026-09-03 15:52:56.000,
826010136,96255123,2026-09-03 15:53:08.000,WhatsApp9696,USER,,delivered,2026-09-03 15:52:57.000,2026-09-03 15:52:57.000,
826010187,96255123,2026-09-03 15:53:09.000,WhatsApp9696,USER,,delivered,2026-09-03 15:52:57.000,2026-09-03 15:52:57.000,
826010196,96255123,2026-09-03 15:53:08.000,WhatsApp9696,USER,,delivered,2026-09-03 15:52:57.000,2026-09-03 15:52:57.000,2026-09-03 15:52:57.000
826010223,96255123,2026-09-03 15:53:10.000,WhatsApp9696,USER,,delivered,2026-09-03 15:52:57.000,2026-09-03 15:52:57.000,
826010226,96255123,2026-09-03 15:53:09.000,WhatsApp9696,USER,,delivered,2026-09-03 15:52:57.000,2026-09-03 15:52:57.000,2026-09-03 15:52:57.000
826010297,96255123,2026-09-03 15:53:11.000,WhatsApp9696,USER,,delivered,2026-09-03 15:52:57.000,2026-09-03 15:52:57.000,
826010314,96255123,2026-09-03 15:53:11.000,WhatsApp9696,USER,,delivered,2026-09-03 15:53:10.000,2026-09-03 15:53:10.000,2026-09-03 15:53:10.000
826010460,96255123,2026-09-03 15:53:10.000,WhatsApp9696,USER,,delivered,2026-09-03 15:52:57.000,2026-09-03 15:52:57.000,2026-09-03 15:52:57.000
826011510,96255123,2026-09-03 15:53:28.000,WhatsApp9696,USER,,delivered,2026-09-03 15:53:27.000,2026-09-03 15:53:27.000,2026-09-03 15:53:27.000
826011699,96255123,2026-09-03 15:53:31.000,WhatsApp9696,USER,,delivered,2026-09-03 15:53:29.000,2026-09-03 15:53:29.000,2026-09-03 15:53:29.000
826012396,96255123,2026-09-03 15:53:41.000,WhatsApp9696,USER,,delivered,2026-09-03 15:53:39.000,2026-09-03 15:53:39.000,2026-09-03 15:53:39.000
826415601,96255123,2026-09-03 17:39:57.000,WhatsApp9696,Agent,,read,2026-09-03 17:39:58.000,2026-09-03 17:39:59.000,2026-09-03 17:40:13.000
826417340,96255123,2026-09-03 17:40:26.000,WhatsApp9696,USER,,delivered,2026-09-03 17:40:24.000,2026-09-03 17:40:24.000,2026-09-03 17:40:24.000
826418178,96255123,2026-09-03 17:40:40.000,WhatsApp9696,USER,,delivered,2026-09-03 17:40:36.000,2026-09-03 17:40:36.000,2026-09-03 17:40:36.000
826418321,96255123,2026-09-03 17:40:42.000,WhatsApp9696,USER,,delivered,2026-09-03 17:40:38.000,2026-09-03 17:40:38.000,2026-09-03 17:40:38.000
826418471,96255123,2026-09-03 17:40:44.000,WhatsApp9696,USER,,delivered,2026-09-03 17:40:41.000,2026-09-03 17:40:41.000,2026-09-03 17:40:41.000
826418606,96255123,2026-09-03 17:40:46.000,WhatsApp9696,USER,,delivered,2026-09-03 17:40:43.000,2026-09-03 17:40:43.000,2026-09-03 17:40:43.000
826418619,96255123,2026-09-03 17:40:48.000,WhatsApp9696,USER,,delivered,2026-09-03 17:40:43.000,2026-09-03 17:40:43.000,
826418650,96255123,2026-09-03 17:40:47.000,WhatsApp9696,USER,,delivered,2026-09-03 17:40:44.000,2026-09-03 17:40:44.000,2026-09-03 17:40:44.000
826418688,96255123,2026-09-03 17:40:48.000,WhatsApp9696,USER,,delivered,2026-09-03 17:40:44.000,2026-09-03 17:40:44.000,2026-09-03 17:40:44.000
826418690,96255123,2026-09-03 17:40:48.000,WhatsApp9696,USER,,delivered,2026-09-03 17:40:44.000,2026-09-03 17:40:44.000,2026-09-03 17:40:44.000
826418732,96255123,2026-09-03 17:40:49.000,WhatsApp9696,USER,,delivered,2026-09-03 17:40:44.000,2026-09-03 17:40:44.000,2026-09-03 17:40:44.000
826418771,96255123,2026-09-03 17:40:50.000,WhatsApp9696,USER,,delivered,2026-09-03 17:40:45.000,2026-09-03 17:40:45.000,2026-09-03 17:40:45.000
826418813,96255123,2026-09-03 17:40:51.000,WhatsApp9696,USER,,delivered,2026-09-03 17:40:45.000,2026-09-03 17:40:45.000,2026-09-03 17:40:45.000
826418850,96255123,2026-09-03 17:40:51.000,WhatsApp9696,USER,,delivered,2026-09-03 17:40:46.000,2026-09-03 17:40:46.000,2026-09-03 17:40:46.000
826418948,96255123,2026-09-03 17:40:53.000,WhatsApp9696,USER,,delivered,2026-09-03 17:40:48.000,2026-09-03 17:40:48.000,2026-09-03 17:40:48.000
826418951,96255123,2026-09-03 17:40:52.000,WhatsApp9696,USER,,delivered,2026-09-03 17:40:47.000,2026-09-03 17:40:47.000,2026-09-03 17:40:47.000
826419011,96255123,2026-09-03 17:40:53.000,WhatsApp9696,USER,,delivered,2026-09-03 17:40:49.000,2026-09-03 17:40:49.000,2026-09-03 17:40:49.000
826419046,96255123,2026-09-03 17:40:56.000,WhatsApp9696,USER,,delivered,2026-09-03 17:40:50.000,2026-09-03 17:40:50.000,
826419091,96255123,2026-09-03 17:40:55.000,WhatsApp9696,USER,,delivered,2026-09-03 17:40:51.000,2026-09-03 17:40:51.000,2026-09-03 17:40:51.000
826419097,96255123,2026-09-03 17:40:55.000,WhatsApp9696,USER,,delivered,2026-09-03 17:40:52.000,2026-09-03 17:40:52.000,2026-09-03 17:40:52.000
826419146,96255123,2026-09-03 17:40:56.000,WhatsApp9696,USER,,delivered,2026-09-03 17:40:52.000,2026-09-03 17:40:52.000,2026-09-03 17:40:52.000
826419191,96255123,2026-09-03 17:40:57.000,WhatsApp9696,USER,,delivered,2026-09-03 17:40:53.000,2026-09-03 17:40:53.000,2026-09-03 17:40:53.000
826419201,96255123,2026-09-03 17:40:57.000,WhatsApp9696,USER,,delivered,2026-09-03 17:40:53.000,2026-09-03 17:40:53.000,2026-09-03 17:40:53.000
826419267,96255123,2026-09-03 17:40:58.000,WhatsApp9696,USER,,delivered,2026-09-03 17:40:53.000,2026-09-03 17:40:53.000,2026-09-03 17:40:53.000
826419271,96255123,2026-09-03 17:40:59.000,WhatsApp9696,USER,,delivered,2026-09-03 17:40:54.000,2026-09-03 17:40:54.000,2026-09-03 17:40:54.000
826419351,96255123,2026-09-03 17:40:59.000,WhatsApp9696,USER,,delivered,2026-09-03 17:40:54.000,2026-09-03 17:40:54.000,2026-09-03 17:40:54.000
826419369,96255123,2026-09-03 17:41:00.000,WhatsApp9696,USER,,delivered,2026-09-03 17:40:55.000,2026-09-03 17:40:55.000,2026-09-03 17:40:55.000
826419410,96255123,2026-09-03 17:41:01.000,WhatsApp9696,USER,,delivered,2026-09-03 17:40:55.000,2026-09-03 17:40:55.000,2026-09-03 17:40:55.000
826419452,96255123,2026-09-03 17:41:01.000,WhatsApp9696,USER,,delivered,2026-09-03 17:40:56.000,2026-09-03 17:40:56.000,2026-09-03 17:40:56.000
826419476,96255123,2026-09-03 17:41:02.000,WhatsApp9696,USER,,delivered,2026-09-03 17:40:56.000,2026-09-03 17:40:56.000,2026-09-03 17:40:56.000
826419506,96255123,2026-09-03 17:41:04.000,WhatsApp9696,USER,,delivered,2026-09-03 17:40:57.000,2026-09-03 17:40:57.000,
826426666,96255123,2026-09-03 17:43:09.000,WhatsApp9696,USER,,delivered,2026-09-03 17:43:07.000,2026-09-03 17:43:07.000,2026-09-03 17:43:07.000
826426721,96255123,2026-09-03 17:43:08.000,WhatsApp9696,USER,,delivered,2026-09-03 17:43:04.000,2026-09-03 17:43:04.000,2026-09-03 17:43:04.000
826431788,96255123,2026-09-03 17:44:41.000,WhatsApp9696,USER,,delivered,2026-09-03 17:44:37.000,2026-09-03 17:44:37.000,2026-09-03 17:44:37.000
826434380,96255123,2026-09-03 17:45:29.000,WhatsApp9696,USER,,delivered,2026-09-03 17:45:24.000,2026-09-03 17:45:24.000,
826434900,96255123,2026-09-03 17:45:36.000,WhatsApp9696,USER,,delivered,2026-09-03 17:45:33.000,2026-09-03 17:45:33.000,2026-09-03 17:45:33.000
826435620,96255123,2026-09-03 17:45:51.000,WhatsApp9696,USER,,delivered,2026-09-03 17:45:46.000,2026-09-03 17:45:46.000,
826436742,96255123,2026-09-03 17:46:08.000,WhatsApp9696,USER,,delivered,2026-09-03 17:46:04.000,2026-09-03 17:46:04.000,2026-09-03 17:46:04.000
826439657,96255123,2026-09-03 17:46:57.000,WhatsApp9696,USER,,delivered,2026-09-03 17:46:53.000,2026-09-03 17:46:53.000,2026-09-03 17:46:53.000
826442204,96255123,2026-09-03 17:47:41.000,WhatsApp9696,USER,,delivered,2026-09-03 17:47:35.000,2026-09-03 17:47:35.000,
826462863,96255123,2026-09-03 17:53:29.000,WhatsApp9696,Agent,,read,2026-09-03 17:53:29.000,2026-09-03 17:53:31.000,2026-09-03 17:54:51.000
826468305,96255123,2026-09-03 17:55:05.000,WhatsApp9696,Agent,,read,2026-09-03 17:55:06.000,2026-09-03 17:55:08.000,2026-09-03 17:55:13.000
826469077,96255123,2026-09-03 17:55:18.000,WhatsApp9696,USER,,delivered,2026-09-03 17:55:16.000,2026-09-03 17:55:16.000,2026-09-03 17:55:16.000
826469727,96255123,2026-09-03 17:55:29.000,WhatsApp9696,USER,,delivered,2026-09-03 17:55:28.000,2026-09-03 17:55:28.000,2026-09-03 17:55:28.000
826469869,96255123,2026-09-03 17:55:32.000,WhatsApp9696,USER,,delivered,2026-09-03 17:55:30.000,2026-09-03 17:55:30.000,2026-09-03 17:55:30.000
826500016,96255123,2026-09-03 18:04:08.000,WhatsApp9696,USER,,delivered,2026-09-03 18:04:06.000,2026-09-03 18:04:06.000,2026-09-03 18:04:06.000
826500068,96255123,2026-09-03 18:04:09.000,WhatsApp9696,USER,,delivered,2026-09-03 18:04:07.000,2026-09-03 18:04:07.000,2026-09-03 18:04:07.000
830085617,96255123,2026-09-04 17:51:18.000,WhatsApp9696,Agent,,delivered,2026-09-04 17:51:19.000,2026-09-04 17:51:20.000,
830087168,96255123,2026-09-04 17:51:35.000,WhatsApp9696,Agent,,delivered,2026-09-04 17:51:35.000,2026-09-04 17:51:36.000,
780396578,114584804,2026-08-19 11:48:40.000,WhatsApp9696,USER,,delivered,2026-08-19 11:48:39.000,2026-08-19 11:48:39.000,2026-08-19 11:48:39.000
780397738,114584804,2026-08-19 11:48:49.000,WhatsApp9696,API,,read,2026-08-19 11:48:42.000,2026-08-19 11:48:45.000,2026-08-19 11:48:45.000
780397795,114584804,2026-08-19 11:48:49.000,WhatsApp9696,API,,read,2026-08-19 11:48:43.000,2026-08-19 11:48:43.000,2026-08-19 11:48:45.000
780398380,114584804,2026-08-19 11:48:53.000,WhatsApp9696,USER,,delivered,2026-08-19 11:48:52.000,2026-08-19 11:48:52.000,2026-08-19 11:48:52.000
780400022,114584804,2026-08-19 11:49:05.000,WhatsApp9696,API,,read,2026-08-19 11:48:54.000,2026-08-19 11:48:55.000,2026-08-19 11:48:55.000
780404312,114584804,2026-08-19 11:49:39.000,WhatsApp9696,USER,,delivered,2026-08-19 11:49:37.000,2026-08-19 11:49:37.000,2026-08-19 11:49:37.000
780447014,114584804,2026-08-19 11:55:48.000,WhatsApp9696,API,,read,2026-08-19 11:55:42.000,2026-08-19 11:55:43.000,2026-08-19 11:56:55.000
780455603,114584804,2026-08-19 11:57:07.000,WhatsApp9696,USER,,delivered,2026-08-19 11:57:05.000,2026-08-19 11:57:05.000,2026-08-19 11:57:05.000
780457626,114584804,2026-08-19 11:57:24.000,WhatsApp9696,USER,,delivered,2026-08-19 11:57:21.000,2026-08-19 11:57:21.000,2026-08-19 11:57:21.000
780843057,114584804,2026-08-19 12:49:59.000,WhatsApp9696,API,,read,2026-08-19 11:49:41.000,2026-08-19 11:49:41.000,2026-08-19 11:49:41.000
780847767,114584804,2026-08-19 12:50:21.000,WhatsApp9696,API,,read,2026-08-19 11:57:08.000,2026-08-19 11:57:09.000,2026-08-19 11:57:09.000
780848027,114584804,2026-08-19 12:50:22.000,WhatsApp9696,API,airtel_var8_8047825943_new,read,2026-08-19 11:57:28.000,2026-08-19 11:57:34.000,2026-08-19 11:57:43.000
781073815,114584804,2026-08-19 13:19:31.000,WhatsApp9696,API,,read,2026-08-19 11:49:40.000,2026-08-19 11:49:40.000,2026-08-19 11:49:40.000
781082044,114584804,2026-08-19 13:20:16.000,WhatsApp9696,API,,read,2026-08-19 12:02:43.000,2026-08-19 12:02:45.000,2026-08-19 12:20:45.000
781416269,114584804,2026-08-19 14:06:08.000,WhatsApp9696,API,,read,2026-08-19 14:06:02.000,2026-08-19 14:06:03.000,2026-08-19 14:06:10.000
781458822,114584804,2026-08-19 14:17:26.000,WhatsApp9696,API,,read,2026-08-19 14:17:20.000,2026-08-19 14:17:21.000,2026-08-19 14:17:49.000
781841505,114584804,2026-08-19 15:57:35.000,WhatsApp9696,API,,read,2026-08-19 15:57:29.000,2026-08-19 15:57:30.000,2026-08-20 10:07:42.000
846056833,114584804,2026-09-07 20:22:42.000,WhatsApp8181,API,ai_photo_hinglish_temp,read,2026-09-07 13:11:45.000,2026-09-07 13:11:52.000,2026-09-12 19:37:13.000
783818205,114584804,2026-08-20 09:04:40.000,WhatsApp9696,API,7948217043_airtel_astbuy10,delivered,2026-08-20 09:04:34.000,2026-08-20 09:04:34.000,
783860611,114584804,2026-08-20 09:22:42.000,WhatsApp9696,API,7942794500_airtel_astbuy10,delivered,2026-08-20 09:22:36.000,2026-08-20 09:22:37.000,
783872220,114584804,2026-08-20 09:27:27.000,WhatsApp9696,API,7949338050_airtel_astbuy10,delivered,2026-08-20 09:27:19.000,2026-08-20 09:27:20.000,
783941313,114584804,2026-08-20 09:53:21.000,WhatsApp9696,API,7942641605_airtel_astbuy12,read,2026-08-20 09:53:15.000,2026-08-20 09:53:19.000,2026-08-20 10:07:42.000
783955555,114584804,2026-08-20 09:58:06.000,WhatsApp9696,API,7949082251_airtel_astbuy10,delivered,2026-08-20 09:57:59.000,2026-08-20 09:58:01.000,
783978329,114584804,2026-08-20 10:06:11.000,WhatsApp9696,API,8047817531_airtel_astbuy10,delivered,2026-08-20 10:06:02.000,2026-08-20 10:06:05.000,
784360281,114584804,2026-08-20 11:47:05.000,WhatsApp9696,API,,read,2026-08-20 11:46:59.000,2026-08-20 11:46:59.000,2026-08-20 16:51:44.000
896070161,96255123,2026-09-16 13:55:12.000,WhatsApp9696,USER,,delivered,2026-09-16 13:55:11.000,2026-09-16 13:55:11.000,2026-09-16 13:55:11.000
896070681,96255123,2026-09-16 13:55:17.000,WhatsApp9696,Agent,,read,2026-09-16 13:55:18.000,2026-09-16 13:55:19.000,2026-09-16 13:55:19.000
896070944,96255123,2026-09-16 13:55:20.000,WhatsApp9696,API,,read,2026-09-16 13:55:14.000,2026-09-16 13:55:15.000,2026-09-16 13:55:15.000
896071246,96255123,2026-09-16 13:55:23.000,WhatsApp9696,API,,read,2026-09-16 13:55:15.000,2026-09-16 13:55:17.000,2026-09-16 13:55:17.000
896073148,96255123,2026-09-16 13:55:41.000,WhatsApp9696,Agent,,read,2026-09-16 13:55:42.000,2026-09-16 13:55:42.000,2026-09-16 13:55:42.000
855309900,14621909,2026-09-09 10:04:32.000,WhatsApp8181,API,ai_photo_english_temp3,read,2026-09-09 10:04:25.000,2026-09-09 10:04:26.000,2026-09-09 10:04:31.000
896390445,2634887,2026-09-16 14:46:27.000,WhatsApp8181,API,ai_photo_hinglish_temp,delivered,2026-09-16 14:46:19.000,2026-09-16 14:46:22.000,
857664557,184577152,2026-09-09 16:03:48.000,WhatsApp9696,API,7942613079_airtel_astbuy12,read,2026-09-09 16:03:40.000,2026-09-09 16:03:42.000,2026-09-09 16:03:50.000
857664704,184577152,2026-09-09 16:03:50.000,WhatsApp9696,API,7942616554_airtel_astbuy12,read,2026-09-09 16:03:41.000,2026-09-09 16:03:50.000,2026-09-09 16:03:50.000
857677720,184577152,2026-09-09 16:05:37.000,WhatsApp9696,API,7942625041_airtel_astbuy10,read,2026-09-09 16:04:44.000,2026-09-09 16:05:35.000,2026-09-09 16:09:39.000
857708562,184577152,2026-09-09 16:10:27.000,WhatsApp9696,API,8047662588_airtel_astbuy10,read,2026-09-09 16:10:19.000,2026-09-09 16:10:21.000,2026-09-09 16:10:27.000
857790414,184577152,2026-09-09 16:23:56.000,WhatsApp9696,API,7942545532_airtel_astbuy10,read,2026-09-09 16:23:48.000,2026-09-09 16:23:49.000,2026-09-09 16:23:51.000
860356966,184577152,2026-09-10 05:11:22.000,WhatsApp9696,API,,failed,2026-09-10 05:11:14.000,,
860363681,184577152,2026-09-10 05:25:24.000,WhatsApp9696,API,,failed,2026-09-10 05:25:17.000,,
860551767,184577152,2026-09-10 08:03:52.000,WhatsApp9696,API,8047625310_airtel_astbuy10,read,2026-09-10 08:03:44.000,2026-09-10 08:03:46.000,2026-09-10 11:54:40.000
861333590,184577152,2026-09-10 10:09:45.000,WhatsApp9696,API,8047825943_airtel_astbuy10,read,2026-09-10 10:09:36.000,2026-09-10 10:11:14.000,2026-09-10 11:54:40.000
899957606,2634887,2026-09-17 09:31:59.000,WhatsApp8181,API,ai_nudge_13_1,delivered,2026-09-17 09:28:32.000,2026-09-17 09:28:36.000,
869815606,95568576,2026-09-11 18:01:17.000,WhatsApp9696,API,paid_seller_feedback_sep25_1,delivered,2026-09-11 18:01:08.000,2026-09-11 18:01:10.000,
870702697,14621909,2026-09-11 20:31:27.000,WhatsApp8181,API,ai_photo_english_temp3,read,2026-09-11 20:31:18.000,2026-09-11 20:50:23.000,2026-09-11 20:52:59.000
795560732,95568576,2026-08-24 13:00:28.000,WhatsApp9696,API,copy_payment_invoice_3qr_jun26,delivered,2026-08-24 13:00:19.000,2026-08-24 13:10:03.000,
981258982,96255123,2026-10-01 12:46:46.000,WhatsApp9696,API,copy_payment_invoice_2qr_aug26,read,2026-10-01 12:46:37.000,2026-10-01 12:46:41.000,2026-10-01 12:47:39.000
595465828,120472012,2026-06-17 17:46:40.000,WhatsApp9696,API,,failed,2026-06-17 17:46:34.000,,
907216053,96255123,2026-09-18 13:00:48.000,WhatsApp9696,API,paid_seller_feedback_sep25_1,read,2026-09-18 13:00:33.000,2026-09-18 13:00:33.000,2026-09-23 18:14:07.000
926953828,95568576,2026-09-21 21:56:41.000,WhatsApp9696,API,copy_payment_invoice_2qr_aug26,delivered,2026-09-21 21:56:32.000,2026-09-23 16:57:15.000,
608653822,243689317,2026-06-22 14:02:02.000,WhatsApp9696,USER,,delivered,2026-06-22 14:01:59.000,2026-06-22 14:01:59.000,2026-06-22 14:01:59.000
608654424,243689317,2026-06-22 14:02:14.000,WhatsApp9696,API,,read,2026-06-22 14:02:08.000,2026-06-22 14:02:08.000,2026-06-22 14:02:32.000
608655835,243689317,2026-06-22 14:02:38.000,WhatsApp9696,USER,,delivered,2026-06-22 14:02:33.000,2026-06-22 14:02:33.000,2026-06-22 14:02:33.000
608663966,243689317,2026-06-22 14:05:16.000,WhatsApp9696,USER,,delivered,2026-06-22 14:05:11.000,2026-06-22 14:05:11.000,
608665520,243689317,2026-06-22 14:05:44.000,WhatsApp9696,USER,,delivered,2026-06-22 14:05:40.000,2026-06-22 14:05:40.000,2026-06-22 14:05:40.000
608667082,243689317,2026-06-22 14:06:15.000,WhatsApp9696,API,,read,2026-06-22 14:06:09.000,2026-06-22 14:06:10.000,2026-06-22 14:06:10.000
931158227,184577152,2026-09-22 16:17:32.000,WhatsApp8181,API,ai_photo_hinglish_temp,read,2026-09-22 16:17:23.000,2026-09-22 16:17:26.000,2026-09-23 10:22:11.000
460401751,35178446,2026-04-24 11:13:13.000,WhatsApp9696,USER,,DELIVERED,2026-04-24 11:13:12.000,2026-04-24 11:13:12.000,
460402077,35178446,2026-04-24 11:13:22.000,WhatsApp9696,API,,SENT,2026-04-24 11:13:15.000,,
460402093,35178446,2026-04-24 11:13:22.000,WhatsApp9696,API,,READ,2026-04-24 11:13:16.000,2026-04-24 11:13:16.000,2026-04-24 11:13:16.000
934537868,184577152,2026-09-23 09:39:17.000,WhatsApp8181,API,ai_nudge_13_1,read,2026-09-23 09:39:09.000,2026-09-23 09:39:11.000,2026-09-23 10:22:11.000
935362320,184577152,2026-09-23 11:19:37.000,WhatsApp9696,API,,failed,2026-09-23 11:19:30.000,,
935502509,184577152,2026-09-23 11:38:31.000,WhatsApp8181,API,wa81_trustseal_airtel_7942616886,delivered,2026-09-23 11:38:23.000,2026-09-23 11:38:25.000,
935578755,184577152,2026-09-23 11:49:13.000,WhatsApp8181,API,7942794500_airtel_astbuy10,delivered,2026-09-23 11:49:06.000,2026-09-23 11:49:07.000,
934950525,184577152,2026-09-23 10:22:35.000,WhatsApp8181,USER,ai_nudge_13_1,delivered,2026-09-23 10:22:33.000,2026-09-23 10:22:33.000,
934951280,184577152,2026-09-23 10:22:41.000,WhatsApp8181,API,,read,2026-09-23 10:22:37.000,2026-09-23 10:22:37.000,2026-09-23 10:22:37.000
934951461,184577152,2026-09-23 10:22:42.000,WhatsApp8181,API,,read,2026-09-23 10:22:38.000,2026-09-23 10:22:38.000,2026-09-23 10:22:38.000
934989482,184577152,2026-09-23 10:27:47.000,WhatsApp8181,API,,read,2026-09-23 10:27:39.000,2026-09-23 10:27:39.000,2026-09-23 10:27:43.000
934990294,184577152,2026-09-23 10:27:54.000,WhatsApp8181,USER,,delivered,2026-09-23 10:27:52.000,2026-09-23 10:27:52.000,
934991160,184577152,2026-09-23 10:28:01.000,WhatsApp8181,API,,read,2026-09-23 10:27:55.000,2026-09-23 10:27:56.000,2026-09-23 10:27:56.000
935688995,184577152,2026-09-23 12:04:15.000,WhatsApp8181,API,8047817531_airtel_astbuy10,delivered,2026-09-23 12:04:06.000,2026-09-23 12:04:09.000,
935027034,184577152,2026-09-23 10:33:03.000,WhatsApp8181,API,,delivered,2026-09-23 10:32:56.000,2026-09-23 10:32:57.000,
935063197,184577152,2026-09-23 10:38:04.000,WhatsApp8181,API,,delivered,2026-09-23 10:37:57.000,2026-09-23 10:37:58.000,
935066216,184577152,2026-09-23 10:38:31.000,WhatsApp8181,API,7948217043_airtel_astbuy12,delivered,2026-09-23 10:38:23.000,2026-09-23 10:38:25.000,
935066328,184577152,2026-09-23 10:38:31.000,WhatsApp8181,API,7942616886_airtel_astbuy12,delivered,2026-09-23 10:38:24.000,2026-09-23 10:38:25.000,
948010412,96255123,2026-09-25 12:17:26.000,WhatsApp9696,USER,,delivered,2026-09-25 12:17:25.000,2026-09-25 12:17:25.000,2026-09-25 12:17:25.000
948010800,96255123,2026-09-25 12:17:29.000,WhatsApp9696,Agent,,read,2026-09-25 12:17:30.000,2026-09-25 12:17:30.000,2026-09-25 12:17:36.000
948012139,96255123,2026-09-25 12:17:40.000,WhatsApp9696,Agent,,read,2026-09-25 12:17:40.000,2026-09-25 12:17:41.000,2026-09-25 12:17:41.000
948013845,96255123,2026-09-25 12:17:55.000,WhatsApp9696,Agent,,read,2026-09-25 12:17:55.000,2026-09-25 12:17:55.000,2026-09-25 12:17:55.000
948014389,96255123,2026-09-25 12:17:59.000,WhatsApp9696,USER,,delivered,2026-09-25 12:17:58.000,2026-09-25 12:17:58.000,2026-09-25 12:17:58.000
948014688,96255123,2026-09-25 12:18:02.000,WhatsApp9696,Agent,,read,2026-09-25 12:18:02.000,2026-09-25 12:18:02.000,2026-09-25 12:18:02.000
948021683,96255123,2026-09-25 12:19:07.000,WhatsApp9696,USER,,delivered,2026-09-25 12:19:03.000,2026-09-25 12:19:03.000,2026-09-25 12:19:03.000
936757863,184577152,2026-09-23 14:38:05.000,WhatsApp8181,API,,delivered,2026-09-23 14:37:58.000,2026-09-23 14:38:00.000,
938216509,96255123,2026-09-23 18:14:11.000,WhatsApp9696,USER,,delivered,2026-09-23 18:14:10.000,2026-09-23 18:14:10.000,2026-09-23 18:14:10.000
938217037,96255123,2026-09-23 18:14:17.000,WhatsApp9696,API,,read,2026-09-23 18:14:13.000,2026-09-23 18:14:13.000,2026-09-23 18:14:13.000
938217094,96255123,2026-09-23 18:14:18.000,WhatsApp9696,API,,read,2026-09-23 18:14:13.000,2026-09-23 18:14:14.000,2026-09-23 18:14:14.000
938217102,96255123,2026-09-23 18:14:18.000,WhatsApp9696,USER,,delivered,2026-09-23 18:14:16.000,2026-09-23 18:14:16.000,2026-09-23 18:14:16.000
938217599,96255123,2026-09-23 18:14:23.000,WhatsApp9696,API,,read,2026-09-23 18:14:19.000,2026-09-23 18:14:19.000,2026-09-23 18:14:19.000
938217692,96255123,2026-09-23 18:14:25.000,WhatsApp9696,USER,,delivered,2026-09-23 18:14:23.000,2026-09-23 18:14:23.000,2026-09-23 18:14:23.000
695237026,95568576,2026-07-23 13:48:25.000,WhatsApp9696,API,,delivered,2026-07-23 13:48:19.000,2026-07-23 13:48:24.000,
695239425,95568576,2026-07-23 13:49:15.000,WhatsApp9696,USER,,delivered,2026-07-23 13:49:13.000,2026-07-23 13:49:13.000,2026-07-23 13:49:13.000
695239894,95568576,2026-07-23 13:49:25.000,WhatsApp9696,API,,delivered,2026-07-23 13:49:19.000,2026-07-23 13:49:19.000,
695240034,95568576,2026-07-23 13:49:28.000,WhatsApp9696,USER,,delivered,2026-07-23 13:49:26.000,2026-07-23 13:49:26.000,2026-07-23 13:49:26.000
695240550,95568576,2026-07-23 13:49:38.000,WhatsApp9696,API,,delivered,2026-07-23 13:49:31.000,2026-07-23 13:49:32.000,
940909782,120472012,2026-09-24 09:51:39.000,WhatsApp8181,API,ai_photo_english_temp3,read,2026-09-24 09:51:28.000,2026-09-24 09:51:32.000,2026-09-24 10:14:26.000
940618158,114584804,2026-09-24 09:23:17.000,WhatsApp8181,API,ai_photo_hinglish_temp,read,2026-09-24 09:11:22.000,2026-09-24 09:22:30.000,2026-09-24 13:06:40.000
944052607,114584804,2026-09-24 17:24:04.000,WhatsApp8181,API,ai_nudge_13_1,delivered,2026-09-24 17:23:56.000,2026-09-24 17:23:56.000,
947476704,96255123,2026-09-25 10:59:40.000,WhatsApp9696,API,production_template_test1_jun25,read,2026-09-25 10:59:33.000,2026-09-25 10:59:35.000,2026-09-25 12:17:04.000
697286721,95568576,2026-07-24 09:00:23.000,WhatsApp9696,API,,delivered,2026-07-24 09:00:17.000,2026-07-24 09:00:26.000,
608665470,243689317,2026-06-22 14:05:43.000,WhatsApp9696,USER,,delivered,2026-06-22 14:05:40.000,2026-06-22 14:05:40.000,2026-06-22 14:05:40.000
608666588,243689317,2026-06-22 14:06:06.000,WhatsApp9696,USER,,delivered,2026-06-22 14:06:04.000,2026-06-22 14:06:04.000,2026-06-22 14:06:04.000
701392539,95568576,2026-07-25 16:01:13.000,WhatsApp9696,USER,,delivered,2026-07-25 16:01:11.000,2026-07-25 16:01:11.000,2026-07-25 16:01:11.000
701392940,95568576,2026-07-25 16:01:20.000,WhatsApp9696,API,,delivered,2026-07-25 16:01:14.000,2026-07-25 16:01:15.000,
701392957,95568576,2026-07-25 16:01:21.000,WhatsApp9696,API,,delivered,2026-07-25 16:01:15.000,2026-07-25 16:01:16.000,
701393267,95568576,2026-07-25 16:01:25.000,WhatsApp9696,Agent,,delivered,2026-07-25 16:01:26.000,2026-07-25 16:01:26.000,
701393522,95568576,2026-07-25 16:01:30.000,WhatsApp9696,Agent,,delivered,2026-07-25 16:01:30.000,2026-07-25 16:01:31.000,
701394230,95568576,2026-07-25 16:01:43.000,WhatsApp9696,Agent,,delivered,2026-07-25 16:01:43.000,2026-07-25 16:01:44.000,
701395495,95568576,2026-07-25 16:02:07.000,WhatsApp9696,USER,,delivered,2026-07-25 16:02:06.000,2026-07-25 16:02:06.000,2026-07-25 16:02:06.000
701396276,95568576,2026-07-25 16:02:23.000,WhatsApp9696,USER,,delivered,2026-07-25 16:02:21.000,2026-07-25 16:02:21.000,2026-07-25 16:02:21.000
701412537,95568576,2026-07-25 16:07:48.000,WhatsApp9696,USER,,delivered,2026-07-25 16:07:47.000,2026-07-25 16:07:47.000,2026-07-25 16:07:47.000
701415818,95568576,2026-07-25 16:08:52.000,WhatsApp9696,USER,,delivered,2026-07-25 16:08:48.000,2026-07-25 16:08:48.000,2026-07-25 16:08:48.000
701416207,95568576,2026-07-25 16:09:03.000,WhatsApp9696,API,,delivered,2026-07-25 16:08:57.000,2026-07-25 16:08:57.000,
701416388,95568576,2026-07-25 16:09:04.000,WhatsApp9696,USER,,delivered,2026-07-25 16:09:01.000,2026-07-25 16:09:01.000,2026-07-25 16:09:01.000
701416419,95568576,2026-07-25 16:09:05.000,WhatsApp9696,USER,,delivered,2026-07-25 16:09:01.000,2026-07-25 16:09:01.000,2026-07-25 16:09:01.000
701416459,95568576,2026-07-25 16:09:06.000,WhatsApp9696,USER,,delivered,2026-07-25 16:09:02.000,2026-07-25 16:09:02.000,2026-07-25 16:09:02.000
701416474,95568576,2026-07-25 16:09:05.000,WhatsApp9696,USER,,delivered,2026-07-25 16:09:01.000,2026-07-25 16:09:01.000,2026-07-25 16:09:01.000
701416485,95568576,2026-07-25 16:09:06.000,WhatsApp9696,USER,,delivered,2026-07-25 16:09:02.000,2026-07-25 16:09:02.000,2026-07-25 16:09:02.000
701416531,95568576,2026-07-25 16:09:07.000,WhatsApp9696,USER,,delivered,2026-07-25 16:09:02.000,2026-07-25 16:09:02.000,2026-07-25 16:09:02.000
701416537,95568576,2026-07-25 16:09:07.000,WhatsApp9696,USER,,delivered,2026-07-25 16:09:03.000,2026-07-25 16:09:03.000,2026-07-25 16:09:03.000
701416542,95568576,2026-07-25 16:09:08.000,WhatsApp9696,USER,,delivered,2026-07-25 16:09:03.000,2026-07-25 16:09:03.000,2026-07-25 16:09:03.000
701416578,95568576,2026-07-25 16:09:09.000,WhatsApp9696,USER,,delivered,2026-07-25 16:09:03.000,2026-07-25 16:09:03.000,2026-07-25 16:09:03.000
701416599,95568576,2026-07-25 16:09:09.000,WhatsApp9696,USER,,delivered,2026-07-25 16:09:04.000,2026-07-25 16:09:04.000,2026-07-25 16:09:04.000
701416619,95568576,2026-07-25 16:09:09.000,WhatsApp9696,USER,,delivered,2026-07-25 16:09:04.000,2026-07-25 16:09:04.000,2026-07-25 16:09:04.000
701416639,95568576,2026-07-25 16:09:10.000,WhatsApp9696,USER,,delivered,2026-07-25 16:09:04.000,2026-07-25 16:09:04.000,2026-07-25 16:09:04.000
701416702,95568576,2026-07-25 16:09:11.000,WhatsApp9696,USER,,delivered,2026-07-25 16:09:05.000,2026-07-25 16:09:15.000,2026-07-25 16:09:05.000
701416703,95568576,2026-07-25 16:09:10.000,WhatsApp9696,USER,,delivered,2026-07-25 16:09:04.000,2026-07-25 16:09:14.000,2026-07-25 16:09:04.000
701416750,95568576,2026-07-25 16:09:12.000,WhatsApp9696,USER,,delivered,2026-07-25 16:09:05.000,2026-07-25 16:09:05.000,2026-07-25 16:09:05.000
701416774,95568576,2026-07-25 16:09:12.000,WhatsApp9696,USER,,delivered,2026-07-25 16:09:05.000,2026-07-25 16:09:05.000,2026-07-25 16:09:05.000
701416778,95568576,2026-07-25 16:09:13.000,WhatsApp9696,USER,,delivered,2026-07-25 16:09:06.000,2026-07-25 16:09:06.000,2026-07-25 16:09:06.000
701416810,95568576,2026-07-25 16:09:13.000,WhatsApp9696,USER,,delivered,2026-07-25 16:09:06.000,2026-07-25 16:09:06.000,2026-07-25 16:09:06.000
701416875,95568576,2026-07-25 16:09:15.000,WhatsApp9696,USER,,delivered,2026-07-25 16:09:07.000,2026-07-25 16:09:07.000,2026-07-25 16:09:07.000
701416885,95568576,2026-07-25 16:09:14.000,WhatsApp9696,USER,,delivered,2026-07-25 16:09:06.000,2026-07-25 16:09:06.000,2026-07-25 16:09:06.000
701416926,95568576,2026-07-25 16:09:15.000,WhatsApp9696,USER,,delivered,2026-07-25 16:09:07.000,2026-07-25 16:09:07.000,2026-07-25 16:09:07.000
701416936,95568576,2026-07-25 16:09:15.000,WhatsApp9696,USER,,delivered,2026-07-25 16:09:07.000,2026-07-25 16:09:07.000,2026-07-25 16:09:07.000
701417042,95568576,2026-07-25 16:09:18.000,WhatsApp9696,USER,,delivered,2026-07-25 16:09:08.000,2026-07-25 16:09:08.000,2026-07-25 16:09:08.000
701417061,95568576,2026-07-25 16:09:18.000,WhatsApp9696,USER,,delivered,2026-07-25 16:09:08.000,2026-07-25 16:09:08.000,2026-07-25 16:09:08.000
701417074,95568576,2026-07-25 16:09:20.000,WhatsApp9696,API,,delivered,2026-07-25 16:09:13.000,2026-07-25 16:09:14.000,
701417095,95568576,2026-07-25 16:09:19.000,WhatsApp9696,USER,,delivered,2026-07-25 16:09:08.000,2026-07-25 16:09:08.000,2026-07-25 16:09:08.000
701417175,95568576,2026-07-25 16:09:20.000,WhatsApp9696,USER,,delivered,2026-07-25 16:09:09.000,2026-07-25 16:09:09.000,2026-07-25 16:09:09.000
701417179,95568576,2026-07-25 16:09:19.000,WhatsApp9696,USER,,delivered,2026-07-25 16:09:09.000,2026-07-25 16:09:09.000,2026-07-25 16:09:09.000
701417203,95568576,2026-07-25 16:09:20.000,WhatsApp9696,USER,,delivered,2026-07-25 16:09:09.000,2026-07-25 16:09:09.000,2026-07-25 16:09:09.000
701417244,95568576,2026-07-25 16:09:22.000,WhatsApp9696,USER,,delivered,2026-07-25 16:09:10.000,2026-07-25 16:09:10.000,2026-07-25 16:09:10.000
701417262,95568576,2026-07-25 16:09:22.000,WhatsApp9696,USER,,delivered,2026-07-25 16:09:09.000,2026-07-25 16:09:09.000,2026-07-25 16:09:09.000
701417326,95568576,2026-07-25 16:09:23.000,WhatsApp9696,USER,,delivered,2026-07-25 16:09:10.000,2026-07-25 16:09:10.000,2026-07-25 16:09:10.000
701417337,95568576,2026-07-25 16:09:23.000,WhatsApp9696,USER,,delivered,2026-07-25 16:09:10.000,2026-07-25 16:09:10.000,2026-07-25 16:09:10.000
701417369,95568576,2026-07-25 16:09:24.000,WhatsApp9696,USER,,delivered,2026-07-25 16:09:11.000,2026-07-25 16:09:11.000,2026-07-25 16:09:11.000
701417407,95568576,2026-07-25 16:09:27.000,WhatsApp9696,API,,delivered,2026-07-25 16:09:21.000,2026-07-25 16:09:21.000,
701417431,95568576,2026-07-25 16:09:25.000,WhatsApp9696,USER,,delivered,2026-07-25 16:09:11.000,2026-07-25 16:09:11.000,2026-07-25 16:09:11.000
701417440,95568576,2026-07-25 16:09:26.000,WhatsApp9696,USER,,delivered,2026-07-25 16:09:11.000,2026-07-25 16:09:11.000,2026-07-25 16:09:11.000
701417489,95568576,2026-07-25 16:09:26.000,WhatsApp9696,USER,,delivered,2026-07-25 16:09:12.000,2026-07-25 16:09:12.000,2026-07-25 16:09:12.000
701417504,95568576,2026-07-25 16:09:28.000,WhatsApp9696,API,,delivered,2026-07-25 16:09:22.000,2026-07-25 16:09:23.000,
701417531,95568576,2026-07-25 16:09:27.000,WhatsApp9696,USER,,delivered,2026-07-25 16:09:12.000,2026-07-25 16:09:12.000,2026-07-25 16:09:12.000
701417532,95568576,2026-07-25 16:09:27.000,WhatsApp9696,USER,,delivered,2026-07-25 16:09:12.000,2026-07-25 16:09:12.000,2026-07-25 16:09:12.000
701417545,95568576,2026-07-25 16:09:28.000,WhatsApp9696,USER,,delivered,2026-07-25 16:09:12.000,2026-07-25 16:09:12.000,2026-07-25 16:09:12.000
701417601,95568576,2026-07-25 16:09:29.000,WhatsApp9696,USER,,delivered,2026-07-25 16:09:13.000,2026-07-25 16:09:13.000,2026-07-25 16:09:13.000
701417664,95568576,2026-07-25 16:09:30.000,WhatsApp9696,USER,,delivered,2026-07-25 16:09:13.000,2026-07-25 16:09:13.000,2026-07-25 16:09:13.000
701417686,95568576,2026-07-25 16:09:30.000,WhatsApp9696,USER,,delivered,2026-07-25 16:09:14.000,2026-07-25 16:09:14.000,2026-07-25 16:09:14.000
701417697,95568576,2026-07-25 16:09:29.000,WhatsApp9696,USER,,delivered,2026-07-25 16:09:13.000,2026-07-25 16:09:13.000,2026-07-25 16:09:13.000
701417752,95568576,2026-07-25 16:09:31.000,WhatsApp9696,USER,,delivered,2026-07-25 16:09:14.000,2026-07-25 16:09:14.000,2026-07-25 16:09:14.000
701417761,95568576,2026-07-25 16:09:32.000,WhatsApp9696,USER,,delivered,2026-07-25 16:09:14.000,2026-07-25 16:09:14.000,2026-07-25 16:09:14.000
701417801,95568576,2026-07-25 16:09:33.000,WhatsApp9696,USER,,delivered,2026-07-25 16:09:15.000,2026-07-25 16:09:15.000,2026-07-25 16:09:15.000
701417804,95568576,2026-07-25 16:09:33.000,WhatsApp9696,USER,,delivered,2026-07-25 16:09:15.000,2026-07-25 16:09:15.000,2026-07-25 16:09:15.000
701417826,95568576,2026-07-25 16:09:33.000,WhatsApp9696,USER,,delivered,2026-07-25 16:09:15.000,2026-07-25 16:09:15.000,2026-07-25 16:09:15.000
701417911,95568576,2026-07-25 16:09:35.000,WhatsApp9696,USER,,delivered,2026-07-25 16:09:16.000,2026-07-25 16:09:16.000,2026-07-25 16:09:16.000
701417939,95568576,2026-07-25 16:09:36.000,WhatsApp9696,USER,,delivered,2026-07-25 16:09:16.000,2026-07-25 16:09:16.000,2026-07-25 16:09:16.000
701417943,95568576,2026-07-25 16:09:35.000,WhatsApp9696,USER,,delivered,2026-07-25 16:09:16.000,2026-07-25 16:09:16.000,2026-07-25 16:09:16.000
701417961,95568576,2026-07-25 16:09:34.000,WhatsApp9696,USER,,delivered,2026-07-25 16:09:16.000,2026-07-25 16:09:16.000,2026-07-25 16:09:16.000
701417967,95568576,2026-07-25 16:09:36.000,WhatsApp9696,USER,,delivered,2026-07-25 16:09:17.000,2026-07-25 16:09:17.000,2026-07-25 16:09:17.000
701417992,95568576,2026-07-25 16:09:37.000,WhatsApp9696,USER,,delivered,2026-07-25 16:09:17.000,2026-07-25 16:09:17.000,2026-07-25 16:09:17.000
701418016,95568576,2026-07-25 16:09:38.000,WhatsApp9696,USER,,delivered,2026-07-25 16:09:17.000,2026-07-25 16:09:17.000,2026-07-25 16:09:17.000
701418067,95568576,2026-07-25 16:09:39.000,WhatsApp9696,USER,,delivered,2026-07-25 16:09:18.000,2026-07-25 16:09:18.000,2026-07-25 16:09:18.000
701418087,95568576,2026-07-25 16:09:40.000,WhatsApp9696,USER,,delivered,2026-07-25 16:09:18.000,2026-07-25 16:09:18.000,2026-07-25 16:09:18.000
701418108,95568576,2026-07-25 16:09:40.000,WhatsApp9696,USER,,delivered,2026-07-25 16:09:18.000,2026-07-25 16:09:18.000,2026-07-25 16:09:18.000
701418127,95568576,2026-07-25 16:09:40.000,WhatsApp9696,USER,,delivered,2026-07-25 16:09:18.000,2026-07-25 16:09:18.000,2026-07-25 16:09:18.000
701418134,95568576,2026-07-25 16:09:41.000,WhatsApp9696,USER,,delivered,2026-07-25 16:09:19.000,2026-07-25 16:09:19.000,2026-07-25 16:09:19.000
701418202,95568576,2026-07-25 16:09:41.000,WhatsApp9696,USER,,delivered,2026-07-25 16:09:19.000,2026-07-25 16:09:19.000,2026-07-25 16:09:19.000
701418233,95568576,2026-07-25 16:09:43.000,WhatsApp9696,USER,,delivered,2026-07-25 16:09:20.000,2026-07-25 16:09:20.000,2026-07-25 16:09:20.000
701418243,95568576,2026-07-25 16:09:42.000,WhatsApp9696,USER,,delivered,2026-07-25 16:09:19.000,2026-07-25 16:09:19.000,2026-07-25 16:09:19.000
701418259,95568576,2026-07-25 16:09:43.000,WhatsApp9696,USER,,delivered,2026-07-25 16:09:20.000,2026-07-25 16:09:20.000,2026-07-25 16:09:20.000
701418262,95568576,2026-07-25 16:09:43.000,WhatsApp9696,USER,,delivered,2026-07-25 16:09:20.000,2026-07-25 16:09:20.000,2026-07-25 16:09:20.000
701418329,95568576,2026-07-25 16:09:44.000,WhatsApp9696,USER,,delivered,2026-07-25 16:09:21.000,2026-07-25 16:09:21.000,2026-07-25 16:09:21.000
701418338,95568576,2026-07-25 16:09:45.000,WhatsApp9696,USER,,delivered,2026-07-25 16:09:21.000,2026-07-25 16:09:21.000,2026-07-25 16:09:21.000
701418394,95568576,2026-07-25 16:09:46.000,WhatsApp9696,USER,,delivered,2026-07-25 16:09:21.000,2026-07-25 16:09:21.000,2026-07-25 16:09:21.000
701418430,95568576,2026-07-25 16:09:46.000,WhatsApp9696,USER,,delivered,2026-07-25 16:09:22.000,2026-07-25 16:09:22.000,2026-07-25 16:09:22.000
701418437,95568576,2026-07-25 16:09:46.000,WhatsApp9696,USER,,delivered,2026-07-25 16:09:22.000,2026-07-25 16:09:22.000,2026-07-25 16:09:22.000
701418509,95568576,2026-07-25 16:09:47.000,WhatsApp9696,USER,,delivered,2026-07-25 16:09:22.000,2026-07-25 16:09:22.000,2026-07-25 16:09:22.000
701418512,95568576,2026-07-25 16:09:48.000,WhatsApp9696,USER,,delivered,2026-07-25 16:09:23.000,2026-07-25 16:09:23.000,2026-07-25 16:09:23.000
701418520,95568576,2026-07-25 16:09:49.000,WhatsApp9696,USER,,delivered,2026-07-25 16:09:24.000,2026-07-25 16:09:24.000,2026-07-25 16:09:24.000
701418524,95568576,2026-07-25 16:09:49.000,WhatsApp9696,USER,,delivered,2026-07-25 16:09:23.000,2026-07-25 16:09:23.000,2026-07-25 16:09:23.000
701418560,95568576,2026-07-25 16:09:49.000,WhatsApp9696,USER,,delivered,2026-07-25 16:09:24.000,2026-07-25 16:09:24.000,2026-07-25 16:09:24.000
701418571,95568576,2026-07-25 16:09:50.000,WhatsApp9696,USER,,delivered,2026-07-25 16:09:24.000,2026-07-25 16:09:24.000,2026-07-25 16:09:24.000
701418642,95568576,2026-07-25 16:09:51.000,WhatsApp9696,USER,,delivered,2026-07-25 16:09:25.000,2026-07-25 16:09:25.000,2026-07-25 16:09:25.000
701418645,95568576,2026-07-25 16:09:51.000,WhatsApp9696,USER,,delivered,2026-07-25 16:09:25.000,2026-07-25 16:09:25.000,2026-07-25 16:09:25.000
701418695,95568576,2026-07-25 16:09:52.000,WhatsApp9696,USER,,delivered,2026-07-25 16:09:26.000,2026-07-25 16:09:26.000,2026-07-25 16:09:26.000
701418717,95568576,2026-07-25 16:09:52.000,WhatsApp9696,USER,,delivered,2026-07-25 16:09:26.000,2026-07-25 16:09:26.000,2026-07-25 16:09:26.000
701418725,95568576,2026-07-25 16:09:52.000,WhatsApp9696,USER,,delivered,2026-07-25 16:09:25.000,2026-07-25 16:09:25.000,2026-07-25 16:09:25.000
701418765,95568576,2026-07-25 16:09:53.000,WhatsApp9696,USER,,delivered,2026-07-25 16:09:26.000,2026-07-25 16:09:26.000,2026-07-25 16:09:26.000
701418777,95568576,2026-07-25 16:09:53.000,WhatsApp9696,USER,,delivered,2026-07-25 16:09:27.000,2026-07-25 16:09:27.000,2026-07-25 16:09:27.000
701418799,95568576,2026-07-25 16:09:55.000,WhatsApp9696,USER,,delivered,2026-07-25 16:09:27.000,2026-07-25 16:09:27.000,2026-07-25 16:09:27.000
701418815,95568576,2026-07-25 16:09:55.000,WhatsApp9696,USER,,delivered,2026-07-25 16:09:28.000,2026-07-25 16:09:28.000,2026-07-25 16:09:28.000
701418836,95568576,2026-07-25 16:09:55.000,WhatsApp9696,USER,,delivered,2026-07-25 16:09:28.000,2026-07-25 16:09:28.000,2026-07-25 16:09:28.000
701418872,95568576,2026-07-25 16:09:56.000,WhatsApp9696,USER,,delivered,2026-07-25 16:09:29.000,2026-07-25 16:09:29.000,2026-07-25 16:09:29.000
701418919,95568576,2026-07-25 16:09:57.000,WhatsApp9696,USER,,delivered,2026-07-25 16:09:29.000,2026-07-25 16:09:29.000,2026-07-25 16:09:29.000
701418947,95568576,2026-07-25 16:09:57.000,WhatsApp9696,USER,,delivered,2026-07-25 16:09:30.000,2026-07-25 16:09:30.000,2026-07-25 16:09:30.000
701418953,95568576,2026-07-25 16:09:58.000,WhatsApp9696,USER,,delivered,2026-07-25 16:09:30.000,2026-07-25 16:09:30.000,2026-07-25 16:09:30.000
701418963,95568576,2026-07-25 16:09:58.000,WhatsApp9696,USER,,delivered,2026-07-25 16:09:30.000,2026-07-25 16:09:30.000,2026-07-25 16:09:30.000
701419015,95568576,2026-07-25 16:10:00.000,WhatsApp9696,USER,,delivered,2026-07-25 16:09:31.000,2026-07-25 16:09:31.000,2026-07-25 16:09:31.000
701419036,95568576,2026-07-25 16:09:59.000,WhatsApp9696,USER,,delivered,2026-07-25 16:09:31.000,2026-07-25 16:09:31.000,2026-07-25 16:09:31.000
701419059,95568576,2026-07-25 16:10:00.000,WhatsApp9696,USER,,delivered,2026-07-25 16:09:30.000,2026-07-25 16:09:30.000,2026-07-25 16:09:30.000
701419080,95568576,2026-07-25 16:10:01.000,WhatsApp9696,USER,,delivered,2026-07-25 16:09:32.000,2026-07-25 16:09:32.000,2026-07-25 16:09:32.000
701419100,95568576,2026-07-25 16:10:01.000,WhatsApp9696,USER,,delivered,2026-07-25 16:09:32.000,2026-07-25 16:09:32.000,2026-07-25 16:09:32.000
701419121,95568576,2026-07-25 16:10:02.000,WhatsApp9696,USER,,delivered,2026-07-25 16:09:32.000,2026-07-25 16:09:32.000,2026-07-25 16:09:32.000
701419171,95568576,2026-07-25 16:10:02.000,WhatsApp9696,USER,,delivered,2026-07-25 16:09:33.000,2026-07-25 16:09:33.000,2026-07-25 16:09:33.000
701534389,95568576,2026-07-25 16:47:38.000,WhatsApp9696,USER,,delivered,2026-07-25 16:47:36.000,2026-07-25 16:47:36.000,2026-07-25 16:47:36.000
701534647,95568576,2026-07-25 16:47:42.000,WhatsApp9696,USER,,delivered,2026-07-25 16:47:37.000,2026-07-25 16:47:37.000,
701534709,95568576,2026-07-25 16:47:40.000,WhatsApp9696,USER,,delivered,2026-07-25 16:47:37.000,2026-07-25 16:47:37.000,2026-07-25 16:47:37.000
701534732,95568576,2026-07-25 16:47:41.000,WhatsApp9696,USER,,delivered,2026-07-25 16:47:37.000,2026-07-25 16:47:37.000,2026-07-25 16:47:37.000
701534743,95568576,2026-07-25 16:47:42.000,WhatsApp9696,USER,,delivered,2026-07-25 16:47:38.000,2026-07-25 16:47:38.000,2026-07-25 16:47:38.000
701534958,95568576,2026-07-25 16:47:48.000,WhatsApp9696,USER,,delivered,2026-07-25 16:47:47.000,2026-07-25 16:47:47.000,2026-07-25 16:47:47.000
701535106,95568576,2026-07-25 16:47:51.000,WhatsApp9696,API,,delivered,2026-07-25 16:47:45.000,2026-07-25 16:47:46.000,
701536251,95568576,2026-07-25 16:48:18.000,WhatsApp9696,API,,delivered,2026-07-25 16:48:12.000,2026-07-25 16:48:12.000,
701538669,95568576,2026-07-25 16:49:15.000,WhatsApp9696,USER,,delivered,2026-07-25 16:49:14.000,2026-07-25 16:49:14.000,2026-07-25 16:49:14.000
701539226,95568576,2026-07-25 16:49:26.000,WhatsApp9696,API,,delivered,2026-07-25 16:49:20.000,2026-07-25 16:49:20.000,
701539524,95568576,2026-07-25 16:49:31.000,WhatsApp9696,USER,,delivered,2026-07-25 16:49:30.000,2026-07-25 16:49:30.000,2026-07-25 16:49:30.000
701540087,95568576,2026-07-25 16:49:41.000,WhatsApp9696,USER,,delivered,2026-07-25 16:49:39.000,2026-07-25 16:49:39.000,2026-07-25 16:49:39.000
701976858,95568576,2026-07-25 19:26:34.000,WhatsApp9696,Agent,,delivered,2026-07-25 19:26:35.000,2026-07-25 19:26:35.000,
701976903,95568576,2026-07-25 19:26:36.000,WhatsApp9696,API,,delivered,2026-07-25 19:26:36.000,2026-07-25 19:26:36.000,
701976999,95568576,2026-07-25 19:26:39.000,WhatsApp9696,Agent,,delivered,2026-07-25 19:26:39.000,2026-07-25 19:26:39.000,
701977897,95568576,2026-07-25 19:26:59.000,WhatsApp9696,Agent,,delivered,2026-07-25 19:26:59.000,2026-07-25 19:27:00.000,
538123228,243689317,2026-05-26 16:50:36.000,WhatsApp9696,API,,read,2026-05-26 16:50:26.000,2026-05-26 16:50:29.000,2026-05-26 16:50:36.000
538123258,243689317,2026-05-26 16:50:36.000,WhatsApp9696,API,,read,2026-05-26 16:50:30.000,2026-05-26 16:50:30.000,2026-05-26 16:50:36.000
538123302,243689317,2026-05-26 16:50:37.000,WhatsApp9696,API,,read,2026-05-26 16:50:31.000,2026-05-26 16:50:31.000,2026-05-26 16:50:36.000
538123606,243689317,2026-05-26 16:50:46.000,WhatsApp9696,API,,read,2026-05-26 16:50:39.000,2026-05-26 16:50:39.000,2026-05-26 16:55:20.000
538124560,243689317,2026-05-26 16:51:06.000,WhatsApp9696,API,,read,2026-05-26 16:50:59.000,2026-05-26 16:51:00.000,2026-05-26 16:55:20.000
538126848,243689317,2026-05-26 16:51:58.000,WhatsApp9696,API,,read,2026-05-26 16:51:51.000,2026-05-26 16:51:52.000,2026-05-26 16:55:20.000
538131107,243689317,2026-05-26 16:53:25.000,WhatsApp9696,API,,read,2026-05-26 16:53:18.000,2026-05-26 16:53:19.000,2026-05-26 16:55:20.000
703922639,95568576,2026-07-26 14:44:14.000,WhatsApp9696,API,copy_payment_invoice_3qr_jun26,delivered,2026-07-26 14:44:08.000,2026-07-26 14:44:09.000,
706103823,90387690,2026-07-27 11:29:50.000,WhatsApp9696,USER,,delivered,2026-07-27 11:29:48.000,2026-07-27 11:29:48.000,2026-07-27 11:29:48.000
706104247,90387690,2026-07-27 11:29:57.000,WhatsApp9696,API,,read,2026-07-27 11:29:51.000,2026-07-27 11:29:52.000,2026-07-27 11:33:02.000
706104282,90387690,2026-07-27 11:29:58.000,WhatsApp9696,API,,read,2026-07-27 11:29:52.000,2026-07-27 11:29:52.000,2026-07-27 11:33:02.000
706122983,90387690,2026-07-27 11:34:58.000,WhatsApp9696,API,,read,2026-07-27 11:34:52.000,2026-07-27 11:34:53.000,2026-07-27 11:40:01.000
706142781,90387690,2026-07-27 11:39:59.000,WhatsApp9696,API,,read,2026-07-27 11:39:53.000,2026-07-27 11:39:54.000,2026-07-27 11:40:01.000
706142877,90387690,2026-07-27 11:40:01.000,WhatsApp9696,API,,read,2026-07-27 11:39:55.000,2026-07-27 11:39:56.000,2026-07-27 11:40:01.000
706143241,90387690,2026-07-27 11:40:06.000,WhatsApp9696,USER,,delivered,2026-07-27 11:40:05.000,2026-07-27 11:40:05.000,2026-07-27 11:40:05.000
706143578,90387690,2026-07-27 11:40:12.000,WhatsApp9696,USER,,delivered,2026-07-27 11:40:11.000,2026-07-27 11:40:11.000,2026-07-27 11:40:11.000
706143690,90387690,2026-07-27 11:40:14.000,WhatsApp9696,API,,read,2026-07-27 11:40:08.000,2026-07-27 11:40:08.000,2026-07-27 11:40:08.000
706144101,90387690,2026-07-27 11:40:21.000,WhatsApp9696,API,7942613079_airtel_astbuy12,read,2026-07-27 11:40:15.000,2026-07-27 11:40:15.000,2026-07-27 11:40:22.000
706144133,90387690,2026-07-27 11:40:21.000,WhatsApp9696,API,,read,2026-07-27 11:40:15.000,2026-07-27 11:40:16.000,2026-07-27 11:40:22.000
706144140,90387690,2026-07-27 11:40:21.000,WhatsApp9696,API,8047662588_airtel_astbuy12,read,2026-07-27 11:40:15.000,2026-07-27 11:40:16.000,2026-07-27 11:40:22.000
706144448,90387690,2026-07-27 11:40:26.000,WhatsApp9696,USER,,delivered,2026-07-27 11:40:25.000,2026-07-27 11:40:25.000,2026-07-27 11:40:25.000
706144911,90387690,2026-07-27 11:40:34.000,WhatsApp9696,API,,read,2026-07-27 11:40:29.000,2026-07-27 11:40:29.000,2026-07-27 11:40:29.000
706145193,90387690,2026-07-27 11:40:38.000,WhatsApp9696,USER,,delivered,2026-07-27 11:40:37.000,2026-07-27 11:40:37.000,2026-07-27 11:40:37.000
706602556,96255123,2026-07-27 13:45:48.000,WhatsApp9696,API,7942613079_airtel_astbuy10,delivered,2026-07-27 13:45:41.000,2026-07-27 13:45:42.000,
706719900,96255123,2026-07-27 14:18:14.000,WhatsApp9696,API,7942616554_airtel_astbuy10,delivered,2026-07-27 14:18:07.000,2026-07-27 14:18:07.000,
807322574,96255123,2026-08-28 18:33:23.000,WhatsApp9696,API,production1_new_oct25,read,2026-08-28 18:33:14.000,2026-08-28 18:33:16.000,2026-08-29 17:17:46.000
808309158,96255123,2026-08-29 09:00:24.000,WhatsApp9696,API,lv_ut_test2,sent,2026-08-29 09:00:15.000,,
809912962,96255123,2026-08-29 17:17:48.000,WhatsApp9696,USER,,delivered,2026-08-29 17:17:47.000,2026-08-29 17:17:47.000,2026-08-29 17:17:47.000
809913363,96255123,2026-08-29 17:17:56.000,WhatsApp9696,API,,read,2026-08-29 17:17:51.000,2026-08-29 17:17:51.000,2026-08-29 17:17:51.000
809914288,96255123,2026-08-29 17:18:13.000,WhatsApp9696,USER,,delivered,2026-08-29 17:18:11.000,2026-08-29 17:18:11.000,2026-08-29 17:18:11.000
809914816,96255123,2026-08-29 17:18:23.000,WhatsApp9696,USER,,delivered,2026-08-29 17:18:21.000,2026-08-29 17:18:21.000,2026-08-29 17:18:21.000
809914882,96255123,2026-08-29 17:18:23.000,WhatsApp9696,API,,read,2026-08-29 17:18:13.000,2026-08-29 17:18:15.000,2026-08-29 17:18:19.000
809915195,96255123,2026-08-29 17:18:29.000,WhatsApp9696,API,,read,2026-08-29 17:18:24.000,2026-08-29 17:18:25.000,2026-08-29 17:18:25.000
809915256,96255123,2026-08-29 17:18:31.000,WhatsApp9696,USER,,delivered,2026-08-29 17:18:29.000,2026-08-29 17:18:29.000,2026-08-29 17:18:29.000
809915726,96255123,2026-08-29 17:18:38.000,WhatsApp9696,API,,read,2026-08-29 17:18:33.000,2026-08-29 17:18:33.000,2026-08-29 17:18:33.000
809915773,96255123,2026-08-29 17:18:39.000,WhatsApp9696,USER,,delivered,2026-08-29 17:18:38.000,2026-08-29 17:18:38.000,2026-08-29 17:18:38.000
809915790,96255123,2026-08-29 17:18:40.000,WhatsApp9696,API,,read,2026-08-29 17:18:35.000,2026-08-29 17:18:34.000,2026-08-29 17:18:34.000
809916205,96255123,2026-08-29 17:18:47.000,WhatsApp9696,API,,read,2026-08-29 17:18:40.000,2026-08-29 17:18:42.000,2026-08-29 17:18:42.000
809916431,96255123,2026-08-29 17:18:51.000,WhatsApp9696,USER,,delivered,2026-08-29 17:18:50.000,2026-08-29 17:18:50.000,2026-08-29 17:18:50.000
809916797,96255123,2026-08-29 17:18:58.000,WhatsApp9696,USER,,delivered,2026-08-29 17:18:57.000,2026-08-29 17:18:57.000,2026-08-29 17:18:57.000
809916825,96255123,2026-08-29 17:18:59.000,WhatsApp9696,API,,read,2026-08-29 17:18:53.000,2026-08-29 17:18:53.000,2026-08-29 17:18:53.000
809916839,96255123,2026-08-29 17:18:59.000,WhatsApp9696,API,,read,2026-08-29 17:18:57.000,2026-08-29 17:18:55.000,2026-08-29 17:18:55.000
809916847,96255123,2026-08-29 17:18:59.000,WhatsApp9696,USER,,delivered,2026-08-29 17:18:58.000,2026-08-29 17:18:58.000,2026-08-29 17:18:58.000
809916942,96255123,2026-08-29 17:19:01.000,WhatsApp9696,USER,,delivered,2026-08-29 17:18:59.000,2026-08-29 17:18:59.000,2026-08-29 17:18:59.000
809917193,96255123,2026-08-29 17:19:05.000,WhatsApp9696,USER,,delivered,2026-08-29 17:19:04.000,2026-08-29 17:19:04.000,2026-08-29 17:19:04.000
809917289,96255123,2026-08-29 17:19:07.000,WhatsApp9696,USER,,delivered,2026-08-29 17:19:06.000,2026-08-29 17:19:06.000,2026-08-29 17:19:06.000
809917312,96255123,2026-08-29 17:19:08.000,WhatsApp9696,API,,read,2026-08-29 17:19:01.000,2026-08-29 17:19:00.000,2026-08-29 17:19:00.000
809917320,96255123,2026-08-29 17:19:08.000,WhatsApp9696,API,,read,2026-08-29 17:19:02.000,2026-08-29 17:19:03.000,2026-08-29 17:19:03.000
809917323,96255123,2026-08-29 17:19:08.000,WhatsApp9696,API,,read,2026-08-29 17:19:01.000,2026-08-29 17:19:02.000,2026-08-29 17:19:02.000
809917553,96255123,2026-08-29 17:19:13.000,WhatsApp9696,API,,read,2026-08-29 17:19:07.000,2026-08-29 17:19:07.000,2026-08-29 17:19:07.000
809917618,96255123,2026-08-29 17:19:14.000,WhatsApp9696,API,,read,2026-08-29 17:19:10.000,2026-08-29 17:19:10.000,2026-08-29 17:19:10.000
809917672,96255123,2026-08-29 17:19:15.000,WhatsApp9696,API,,read,2026-08-29 17:19:07.000,2026-08-29 17:19:08.000,2026-08-29 17:19:08.000
809944011,96255123,2026-08-29 17:27:29.000,WhatsApp9696,API,7942613079_airtel_astbuy10,delivered,2026-08-29 17:27:21.000,2026-08-29 17:27:22.000,
809944073,96255123,2026-08-29 17:27:30.000,WhatsApp9696,API,8047662588_airtel_astbuy10,delivered,2026-08-29 17:27:22.000,2026-08-29 17:27:23.000,
809944102,96255123,2026-08-29 17:27:31.000,WhatsApp9696,API,7942616554_airtel_astbuy10,delivered,2026-08-29 17:27:20.000,2026-08-29 17:27:25.000,
809944165,96255123,2026-08-29 17:27:32.000,WhatsApp9696,API,7942625041_airtel_astbuy10,delivered,2026-08-29 17:27:25.000,2026-08-29 17:27:26.000,
713846797,90387690,2026-07-29 16:55:00.000,WhatsApp9696,API,8047625310_airtel_astbuy10,read,2026-07-29 16:54:54.000,2026-07-29 16:54:56.000,2026-07-29 16:55:29.000
713848483,90387690,2026-07-29 16:55:32.000,WhatsApp9696,USER,,delivered,2026-07-29 16:55:31.000,2026-07-29 16:55:31.000,2026-07-29 16:55:31.000
713848908,90387690,2026-07-29 16:55:40.000,WhatsApp9696,API,,read,2026-07-29 16:55:34.000,2026-07-29 16:55:34.000,2026-07-29 16:55:34.000
603977886,39067747,2026-06-20 16:16:05.000,WhatsApp9696,USER,,delivered,2026-06-20 16:16:03.000,2026-06-20 16:16:03.000,2026-06-20 16:16:03.000
877326202,129233622,2026-09-12 23:40:27.000,WhatsApp8181,USER,ai_photo_hinglish_temp,delivered,2026-09-12 23:40:25.000,2026-09-12 23:40:25.000,
877326668,129233622,2026-09-12 23:40:36.000,WhatsApp8181,API,,read,2026-09-12 23:40:29.000,2026-09-12 23:40:30.000,2026-09-12 23:40:30.000
877326689,129233622,2026-09-12 23:40:37.000,WhatsApp8181,API,,read,2026-09-12 23:40:28.000,2026-09-12 23:40:29.000,2026-09-12 23:40:29.000
877326703,129233622,2026-09-12 23:40:37.000,WhatsApp8181,USER,,delivered,2026-09-12 23:40:35.000,2026-09-12 23:40:35.000,
877327150,129233622,2026-09-12 23:40:45.000,WhatsApp8181,API,,read,2026-09-12 23:40:38.000,2026-09-12 23:40:40.000,2026-09-12 23:40:40.000
877328241,129233622,2026-09-12 23:41:06.000,WhatsApp8181,USER,,delivered,2026-09-12 23:41:04.000,2026-09-12 23:41:04.000,
877328628,129233622,2026-09-12 23:41:15.000,WhatsApp8181,API,,read,2026-09-12 23:41:08.000,2026-09-12 23:41:09.000,2026-09-12 23:41:09.000
877328669,129233622,2026-09-12 23:41:16.000,WhatsApp8181,API,,read,2026-09-12 23:41:08.000,2026-09-12 23:41:10.000,2026-09-12 23:41:10.000
877328708,129233622,2026-09-12 23:41:16.000,WhatsApp8181,USER,,delivered,2026-09-12 23:41:14.000,2026-09-12 23:41:14.000,
877329074,129233622,2026-09-12 23:41:23.000,WhatsApp8181,API,,read,2026-09-12 23:41:17.000,2026-09-12 23:41:18.000,2026-09-12 23:41:18.000
877329087,129233622,2026-09-12 23:41:23.000,WhatsApp8181,API,,read,2026-09-12 23:41:18.000,2026-09-12 23:41:19.000,2026-09-12 23:41:19.000
877329150,129233622,2026-09-12 23:41:25.000,WhatsApp8181,USER,,delivered,2026-09-12 23:41:23.000,2026-09-12 23:41:23.000,
877329527,129233622,2026-09-12 23:41:34.000,WhatsApp8181,API,,read,2026-09-12 23:41:27.000,2026-09-12 23:41:28.000,2026-09-12 23:41:28.000
877331242,129233622,2026-09-12 23:42:12.000,WhatsApp8181,USER,,delivered,2026-09-12 23:42:07.000,2026-09-12 23:42:07.000,
877331583,129233622,2026-09-12 23:42:20.000,WhatsApp8181,API,,read,2026-09-12 23:42:14.000,2026-09-12 23:42:15.000,2026-09-12 23:42:15.000
877333131,129233622,2026-09-12 23:42:58.000,WhatsApp8181,API,7942616554_airtel_astbuy12,read,2026-09-12 23:42:48.000,2026-09-12 23:42:52.000,2026-09-13 07:45:12.000
877333143,129233622,2026-09-12 23:42:58.000,WhatsApp8181,API,7942625649_airtel_astbuy12,read,2026-09-12 23:42:50.000,2026-09-12 23:42:51.000,2026-09-13 07:45:12.000
877407714,129233622,2026-09-13 00:17:23.000,WhatsApp8181,API,8047625383_airtel_astbuy10,read,2026-09-13 00:17:11.000,2026-09-13 00:17:17.000,2026-09-13 07:45:12.000
877448020,129233622,2026-09-13 00:43:00.000,WhatsApp8181,API,wa81_trustseal_airtel_7942625649,read,2026-09-13 00:42:52.000,2026-09-13 00:42:55.000,2026-09-13 07:45:12.000
877462718,129233622,2026-09-13 00:53:02.000,WhatsApp8181,API,8047551393_airtel_astbuy10,read,2026-09-13 00:52:53.000,2026-09-13 00:52:56.000,2026-09-13 07:45:12.000
878034967,129233622,2026-09-13 09:15:38.000,WhatsApp8181,API,7948217043_airtel_astbuy10,read,2026-09-13 09:15:31.000,2026-09-13 09:15:33.000,2026-09-13 18:42:14.000
878063384,129233622,2026-09-13 09:19:01.000,WhatsApp8181,API,8043832588_airtel_astbuy10,read,2026-09-13 09:18:53.000,2026-09-13 09:18:56.000,2026-09-13 18:42:14.000
878100024,129233622,2026-09-13 09:23:15.000,WhatsApp8181,API,7942616886_airtel_astbuy10,read,2026-09-13 09:23:06.000,2026-09-13 09:23:08.000,2026-09-13 18:42:14.000
636799240,129233622,2026-07-02 20:56:52.000,WhatsApp9696,USER,,delivered,2026-07-02 20:56:50.000,2026-07-02 20:56:50.000,2026-07-02 20:56:50.000
636799651,129233622,2026-07-02 20:57:01.000,WhatsApp9696,API,,read,2026-07-02 20:56:54.000,2026-07-02 20:56:55.000,2026-07-02 20:56:58.000
636799704,129233622,2026-07-02 20:57:02.000,WhatsApp9696,API,,read,2026-07-02 20:56:55.000,2026-07-02 20:56:56.000,2026-07-02 20:56:58.000
636805084,129233622,2026-07-02 20:59:09.000,WhatsApp9696,USER,,delivered,2026-07-02 20:59:08.000,2026-07-02 20:59:08.000,2026-07-02 20:59:08.000
636805456,129233622,2026-07-02 20:59:18.000,WhatsApp9696,API,,read,2026-07-02 20:59:11.000,2026-07-02 20:59:11.000,2026-07-02 20:59:11.000
636805465,129233622,2026-07-02 20:59:18.000,WhatsApp9696,API,,read,2026-07-02 20:59:12.000,2026-07-02 20:59:13.000,2026-07-02 20:59:13.000
636805504,129233622,2026-07-02 20:59:19.000,WhatsApp9696,USER,,delivered,2026-07-02 20:59:17.000,2026-07-02 20:59:17.000,2026-07-02 20:59:17.000
636805894,129233622,2026-07-02 20:59:27.000,WhatsApp9696,API,,read,2026-07-02 20:59:21.000,2026-07-02 20:59:21.000,2026-07-02 20:59:21.000
636806295,129233622,2026-07-02 20:59:38.000,WhatsApp9696,USER,,delivered,2026-07-02 20:59:36.000,2026-07-02 20:59:36.000,2026-07-02 20:59:36.000
636806611,129233622,2026-07-02 20:59:46.000,WhatsApp9696,API,,read,2026-07-02 20:59:40.000,2026-07-02 20:59:40.000,2026-07-02 20:59:40.000
636806656,129233622,2026-07-02 20:59:47.000,WhatsApp9696,API,,read,2026-07-02 20:59:40.000,2026-07-02 20:59:41.000,2026-07-02 20:59:41.000
636806711,129233622,2026-07-02 20:59:48.000,WhatsApp9696,USER,,delivered,2026-07-02 20:59:47.000,2026-07-02 20:59:47.000,2026-07-02 20:59:47.000
636806764,129233622,2026-07-02 20:59:50.000,WhatsApp9696,USER,,delivered,2026-07-02 20:59:49.000,2026-07-02 20:59:49.000,2026-07-02 20:59:49.000
636807043,129233622,2026-07-02 20:59:57.000,WhatsApp9696,API,,read,2026-07-02 20:59:50.000,2026-07-02 20:59:51.000,2026-07-02 20:59:51.000
636807101,129233622,2026-07-02 20:59:58.000,WhatsApp9696,API,,read,2026-07-02 20:59:51.000,2026-07-02 20:59:52.000,2026-07-02 20:59:52.000
636807106,129233622,2026-07-02 20:59:58.000,WhatsApp9696,API,,read,2026-07-02 20:59:53.000,2026-07-02 20:59:53.000,2026-07-02 20:59:53.000
636807476,129233622,2026-07-02 21:00:07.000,WhatsApp9696,USER,,delivered,2026-07-02 21:00:05.000,2026-07-02 21:00:05.000,2026-07-02 21:00:05.000
636807967,129233622,2026-07-02 21:00:18.000,WhatsApp9696,API,,read,2026-07-02 21:00:11.000,2026-07-02 21:00:12.000,2026-07-02 21:00:12.000
636808668,129233622,2026-07-02 21:00:34.000,WhatsApp9696,API,,read,2026-07-02 21:00:27.000,2026-07-02 21:00:28.000,2026-07-02 21:00:31.000
636808706,129233622,2026-07-02 21:00:35.000,WhatsApp9696,API,,read,2026-07-02 21:00:28.000,2026-07-02 21:00:29.000,2026-07-02 21:00:31.000
636809565,129233622,2026-07-02 21:00:53.000,WhatsApp9696,API,,read,2026-07-02 21:00:45.000,2026-07-02 21:00:47.000,2026-07-03 05:40:26.000
636851889,129233622,2026-07-02 21:16:57.000,WhatsApp9696,API,,read,2026-07-02 21:16:50.000,2026-07-02 21:16:52.000,2026-07-03 05:40:26.000
636950036,129233622,2026-07-02 21:56:48.000,WhatsApp9696,API,,read,2026-07-02 21:56:41.000,2026-07-02 21:56:43.000,2026-07-03 05:40:26.000
636958521,129233622,2026-07-02 22:00:16.000,WhatsApp9696,API,,read,2026-07-02 22:00:10.000,2026-07-02 22:00:11.000,2026-07-03 05:40:26.000
636977942,129233622,2026-07-02 22:08:00.000,WhatsApp9696,API,,read,2026-07-02 22:07:54.000,2026-07-02 22:07:56.000,2026-07-03 05:40:26.000
637538515,129233622,2026-07-03 08:50:56.000,WhatsApp9696,API,,read,2026-07-03 08:50:50.000,2026-07-03 08:50:51.000,2026-07-03 08:53:13.000
881314091,129233622,2026-09-13 19:23:45.000,WhatsApp9696,API,,failed,2026-09-13 19:23:38.000,,
826981338,89915301,2026-09-03 20:39:34.000,WhatsApp9696,USER,,delivered,2026-09-03 20:39:32.000,2026-09-03 20:39:32.000,2026-09-03 20:39:32.000
826981837,89915301,2026-09-03 20:39:41.000,WhatsApp9696,API,,read,2026-09-03 20:39:36.000,2026-09-03 20:39:37.000,2026-09-03 20:39:37.000
826981867,89915301,2026-09-03 20:39:42.000,WhatsApp9696,API,,read,2026-09-03 20:39:35.000,2026-09-03 20:39:36.000,2026-09-03 20:39:36.000
826981941,89915301,2026-09-03 20:39:43.000,WhatsApp9696,USER,,delivered,2026-09-03 20:39:41.000,2026-09-03 20:39:41.000,2026-09-03 20:39:41.000
826982398,89915301,2026-09-03 20:39:51.000,WhatsApp9696,API,,read,2026-09-03 20:39:45.000,2026-09-03 20:39:45.000,2026-09-03 20:39:45.000
826982871,89915301,2026-09-03 20:40:00.000,WhatsApp9696,USER,,delivered,2026-09-03 20:39:58.000,2026-09-03 20:39:58.000,2026-09-03 20:39:58.000
826983302,89915301,2026-09-03 20:40:06.000,WhatsApp9696,USER,,delivered,2026-09-03 20:40:04.000,2026-09-03 20:40:04.000,2026-09-03 20:40:04.000
826983367,89915301,2026-09-03 20:40:07.000,WhatsApp9696,API,,read,2026-09-03 20:40:01.000,2026-09-03 20:40:02.000,2026-09-03 20:40:02.000
826983446,89915301,2026-09-03 20:40:09.000,WhatsApp9696,API,,read,2026-09-03 20:40:02.000,2026-09-03 20:40:02.000,2026-09-03 20:40:02.000
826983787,89915301,2026-09-03 20:40:14.000,WhatsApp9696,API,,read,2026-09-03 20:40:07.000,2026-09-03 20:40:08.000,2026-09-03 20:40:08.000
826983814,89915301,2026-09-03 20:40:15.000,WhatsApp9696,API,,read,2026-09-03 20:40:09.000,2026-09-03 20:40:09.000,2026-09-03 20:40:09.000
826983870,89915301,2026-09-03 20:40:15.000,WhatsApp9696,USER,,delivered,2026-09-03 20:40:14.000,2026-09-03 20:40:14.000,2026-09-03 20:40:14.000
826984252,89915301,2026-09-03 20:40:21.000,WhatsApp9696,USER,,delivered,2026-09-03 20:40:19.000,2026-09-03 20:40:19.000,2026-09-03 20:40:19.000
826984324,89915301,2026-09-03 20:40:22.000,WhatsApp9696,API,,read,2026-09-03 20:40:17.000,2026-09-03 20:40:17.000,2026-09-03 20:40:17.000
826984697,89915301,2026-09-03 20:40:29.000,WhatsApp9696,API,,read,2026-09-03 20:40:22.000,2026-09-03 20:40:23.000,2026-09-03 20:40:23.000
826984759,89915301,2026-09-03 20:40:30.000,WhatsApp9696,USER,,delivered,2026-09-03 20:40:29.000,2026-09-03 20:40:29.000,2026-09-03 20:40:29.000
826985431,89915301,2026-09-03 20:40:42.000,WhatsApp9696,API,airtel_var8_8047662588_new,read,2026-09-03 20:40:31.000,2026-09-03 20:40:37.000,2026-09-03 20:40:37.000
561189361,74672649,2026-06-05 17:45:12.000,WhatsApp9696,USER,,delivered,2026-06-05 17:45:10.000,2026-06-05 17:45:10.000,2026-06-05 17:45:10.000
561189641,74672649,2026-06-05 17:45:19.000,WhatsApp9696,USER,,delivered,2026-06-05 17:45:18.000,2026-06-05 17:45:18.000,2026-06-05 17:45:18.000
561189669,74672649,2026-06-05 17:45:20.000,WhatsApp9696,API,,read,2026-06-05 17:45:14.000,2026-06-05 17:45:14.000,2026-06-05 17:45:14.000
561189683,74672649,2026-06-05 17:45:21.000,WhatsApp9696,API,,read,2026-06-05 17:45:14.000,2026-06-05 17:45:14.000,2026-06-05 17:45:14.000
561189890,74672649,2026-06-05 17:45:26.000,WhatsApp9696,API,,read,2026-06-05 17:45:20.000,2026-06-05 17:45:21.000,2026-06-05 17:45:21.000
561190054,74672649,2026-06-05 17:45:30.000,WhatsApp9696,USER,,delivered,2026-06-05 17:45:29.000,2026-06-05 17:45:29.000,2026-06-05 17:45:29.000
561190159,74672649,2026-06-05 17:45:33.000,WhatsApp9696,USER,,delivered,2026-06-05 17:45:32.000,2026-06-05 17:45:32.000,2026-06-05 17:45:32.000
561190333,74672649,2026-06-05 17:45:38.000,WhatsApp9696,API,,read,2026-06-05 17:45:31.000,2026-06-05 17:45:31.000,2026-06-05 17:45:31.000
561190353,74672649,2026-06-05 17:45:38.000,WhatsApp9696,API,,read,2026-06-05 17:45:32.000,2026-06-05 17:45:32.000,2026-06-05 17:45:32.000
561190485,74672649,2026-06-05 17:45:41.000,WhatsApp9696,API,,read,2026-06-05 17:45:35.000,2026-06-05 17:45:35.000,2026-06-05 17:45:35.000
561190509,74672649,2026-06-05 17:45:42.000,WhatsApp9696,API,,read,2026-06-05 17:45:35.000,2026-06-05 17:45:36.000,2026-06-05 17:45:36.000
561203559,74672649,2026-06-05 17:50:43.000,WhatsApp9696,API,,read,2026-06-05 17:50:36.000,2026-06-05 17:50:39.000,2026-06-05 18:28:04.000
561203595,74672649,2026-06-05 17:50:44.000,WhatsApp9696,API,,read,2026-06-05 17:50:37.000,2026-06-05 17:50:39.000,2026-06-05 18:28:04.000
561216976,74672649,2026-06-05 17:55:45.000,WhatsApp9696,API,,read,2026-06-05 17:55:38.000,2026-06-05 17:55:39.000,2026-06-05 18:28:04.000
561217125,74672649,2026-06-05 17:55:49.000,WhatsApp9696,API,,read,2026-06-05 17:55:42.000,2026-06-05 17:55:42.000,2026-06-05 18:28:04.000
827194509,89915301,2026-09-03 21:40:44.000,WhatsApp9696,API,nonts_airtel_8047662588_new,read,2026-09-03 21:40:34.000,2026-09-03 21:40:36.000,2026-09-03 22:14:31.000
561363182,74672649,2026-06-05 18:55:49.000,WhatsApp9696,API,,read,2026-06-05 18:55:43.000,2026-06-05 18:55:44.000,2026-06-05 18:59:04.000
828406267,89915301,2026-09-04 11:20:45.000,WhatsApp9696,API,8047625310_airtel_astbuy10,read,2026-09-04 11:20:36.000,2026-09-04 11:20:37.000,2026-09-04 11:45:19.000
828431174,89915301,2026-09-04 11:27:01.000,WhatsApp9696,API,,read,2026-09-04 11:26:54.000,2026-09-04 11:26:55.000,2026-09-04 11:45:19.000
416546178,39067747,2026-04-06 13:15:59.000,WhatsApp9696,USER,,DELIVERED,2026-04-06 13:15:58.000,2026-04-06 13:15:58.000,
416546578,39067747,2026-04-06 13:16:07.000,WhatsApp9696,API,,READ,2026-04-06 13:16:01.000,2026-04-06 13:16:01.000,2026-04-06 13:24:29.000
416546581,39067747,2026-04-06 13:16:07.000,WhatsApp9696,API,,READ,2026-04-06 13:16:01.000,2026-04-06 13:16:01.000,2026-04-06 13:24:29.000
416561870,39067747,2026-04-06 13:21:08.000,WhatsApp9696,API,,READ,2026-04-06 13:21:02.000,2026-04-06 13:21:02.000,2026-04-06 13:24:29.000
416576719,39067747,2026-04-06 13:26:09.000,WhatsApp9696,API,,READ,2026-04-06 13:26:02.000,2026-04-06 13:26:03.000,2026-04-06 13:26:51.000
416576943,39067747,2026-04-06 13:26:12.000,WhatsApp9696,API,,READ,2026-04-06 13:26:06.000,2026-04-06 13:26:07.000,2026-04-06 13:26:51.000
416577226,39067747,2026-04-06 13:26:18.000,WhatsApp9696,API,,READ,2026-04-06 13:26:12.000,2026-04-06 13:26:13.000,2026-04-06 13:26:51.000
416577240,39067747,2026-04-06 13:26:18.000,WhatsApp9696,API,,READ,2026-04-06 13:26:12.000,2026-04-06 13:26:13.000,2026-04-06 13:26:51.000
416749056,39067747,2026-04-06 14:26:10.000,WhatsApp9696,API,,READ,2026-04-06 14:26:04.000,2026-04-06 14:26:04.000,2026-04-06 14:38:40.000
660956296,26900399,2026-07-11 14:44:36.000,WhatsApp9696,USER,,delivered,2026-07-11 14:44:34.000,2026-07-11 14:44:34.000,2026-07-11 14:44:34.000
660956726,26900399,2026-07-11 14:44:43.000,WhatsApp9696,API,,read,2026-07-11 14:44:37.000,2026-07-11 14:44:38.000,2026-07-11 14:44:38.000
660972672,26900399,2026-07-11 14:49:45.000,WhatsApp9696,API,,read,2026-07-11 14:49:38.000,2026-07-11 14:49:40.000,2026-07-11 17:06:09.000
660988570,26900399,2026-07-11 14:54:45.000,WhatsApp9696,API,,read,2026-07-11 14:54:38.000,2026-07-11 14:54:39.000,2026-07-11 17:06:09.000
660988978,26900399,2026-07-11 14:54:52.000,WhatsApp9696,API,,read,2026-07-11 14:54:45.000,2026-07-11 14:54:45.000,2026-07-11 17:06:09.000
660989308,26900399,2026-07-11 14:54:58.000,WhatsApp9696,API,,read,2026-07-11 14:54:52.000,2026-07-11 14:54:53.000,2026-07-11 17:06:09.000
660989484,26900399,2026-07-11 14:55:01.000,WhatsApp9696,API,,read,2026-07-11 14:54:55.000,2026-07-11 14:54:55.000,2026-07-11 17:06:09.000
660990069,26900399,2026-07-11 14:55:12.000,WhatsApp9696,API,,read,2026-07-11 14:55:06.000,2026-07-11 14:55:06.000,2026-07-11 17:06:09.000
661021227,26900399,2026-07-11 15:04:46.000,WhatsApp9696,API,,read,2026-07-11 15:04:38.000,2026-07-11 15:04:40.000,2026-07-11 17:06:09.000
661180416,26900399,2026-07-11 15:54:49.000,WhatsApp9696,API,,read,2026-07-11 15:54:42.000,2026-07-11 15:54:44.000,2026-07-11 17:06:09.000
661243871,26900399,2026-07-11 16:14:06.000,WhatsApp9696,API,,read,2026-07-11 16:14:00.000,2026-07-11 16:14:00.000,2026-07-11 17:06:09.000
661286395,26900399,2026-07-11 16:29:03.000,WhatsApp9696,API,,read,2026-07-11 16:28:57.000,2026-07-11 16:28:57.000,2026-07-11 17:06:09.000
661720985,26900399,2026-07-11 18:54:46.000,WhatsApp9696,API,,read,2026-07-11 18:54:40.000,2026-07-11 18:54:41.000,2026-07-11 19:11:18.000
661781079,26900399,2026-07-11 19:18:03.000,WhatsApp9696,API,,read,2026-07-11 19:17:57.000,2026-07-11 19:17:58.000,2026-07-13 12:01:24.000
832852250,89915301,2026-09-05 13:32:14.000,WhatsApp9696,API,7942613079_airtel_astbuy10,read,2026-09-05 13:32:07.000,2026-09-05 13:32:09.000,2026-09-05 14:27:23.000
663087115,2749178,2026-07-12 10:59:15.000,WhatsApp9696,API,,delivered,2026-07-12 10:59:09.000,2026-07-12 11:02:14.000,
663087319,2749178,2026-07-12 10:59:20.000,WhatsApp9696,API,,delivered,2026-07-12 10:59:14.000,2026-07-12 11:02:17.000,
663087331,2749178,2026-07-12 10:59:20.000,WhatsApp9696,API,,delivered,2026-07-12 10:59:15.000,2026-07-12 11:02:17.000,
663087480,2749178,2026-07-12 10:59:24.000,WhatsApp9696,API,,delivered,2026-07-12 10:59:17.000,2026-07-12 11:02:17.000,
663087489,2749178,2026-07-12 10:59:24.000,WhatsApp9696,API,,delivered,2026-07-12 10:59:18.000,2026-07-12 11:02:17.000,
663087609,2749178,2026-07-12 10:59:27.000,WhatsApp9696,API,,delivered,2026-07-12 10:59:21.000,2026-07-12 11:02:17.000,
663089713,2749178,2026-07-12 11:00:21.000,WhatsApp9696,API,,delivered,2026-07-12 11:00:14.000,2026-07-12 11:02:17.000,
833717639,89915301,2026-09-05 17:26:11.000,WhatsApp9696,API,7942616554_airtel_astbuy10,read,2026-09-05 17:26:00.000,2026-09-05 17:26:04.000,2026-09-05 17:31:23.000
834132875,89915301,2026-09-05 19:31:17.000,WhatsApp9696,API,,failed,2026-09-05 19:31:11.000,,
571032180,74672649,2026-06-09 12:29:41.000,WhatsApp9696,USER,,delivered,2026-06-09 12:29:40.000,2026-06-09 12:29:40.000,2026-06-09 12:29:40.000
571032621,74672649,2026-06-09 12:29:48.000,WhatsApp9696,USER,,delivered,2026-06-09 12:29:46.000,2026-06-09 12:29:46.000,2026-06-09 12:29:46.000
571032693,74672649,2026-06-09 12:29:49.000,WhatsApp9696,USER,,delivered,2026-06-09 12:29:47.000,2026-06-09 12:29:47.000,2026-06-09 12:29:47.000
571032738,74672649,2026-06-09 12:29:49.000,WhatsApp9696,API,,read,2026-06-09 12:29:43.000,2026-06-09 12:29:44.000,2026-06-09 12:29:44.000
571032765,74672649,2026-06-09 12:29:50.000,WhatsApp9696,USER,,delivered,2026-06-09 12:29:48.000,2026-06-09 12:29:48.000,2026-06-09 12:29:48.000
571032790,74672649,2026-06-09 12:29:50.000,WhatsApp9696,API,,read,2026-06-09 12:29:44.000,2026-06-09 12:29:44.000,2026-06-09 12:29:44.000
571032956,74672649,2026-06-09 12:29:53.000,WhatsApp9696,USER,,delivered,2026-06-09 12:29:51.000,2026-06-09 12:29:51.000,2026-06-09 12:29:51.000
571033162,74672649,2026-06-09 12:29:56.000,WhatsApp9696,API,,read,2026-06-09 12:29:49.000,2026-06-09 12:29:51.000,2026-06-09 12:29:51.000
571033195,74672649,2026-06-09 12:29:56.000,WhatsApp9696,API,,read,2026-06-09 12:29:50.000,2026-06-09 12:29:51.000,2026-06-09 12:29:51.000
571033250,74672649,2026-06-09 12:29:57.000,WhatsApp9696,API,,read,2026-06-09 12:29:51.000,2026-06-09 12:29:51.000,2026-06-09 12:29:51.000
571033456,74672649,2026-06-09 12:30:00.000,WhatsApp9696,API,,read,2026-06-09 12:29:54.000,2026-06-09 12:29:54.000,2026-06-09 12:29:54.000
571033516,74672649,2026-06-09 12:30:02.000,WhatsApp9696,USER,,delivered,2026-06-09 12:30:00.000,2026-06-09 12:30:00.000,2026-06-09 12:30:00.000
571033901,74672649,2026-06-09 12:30:09.000,WhatsApp9696,USER,,delivered,2026-06-09 12:30:07.000,2026-06-09 12:30:07.000,2026-06-09 12:30:07.000
571034031,74672649,2026-06-09 12:30:11.000,WhatsApp9696,API,,read,2026-06-09 12:30:03.000,2026-06-09 12:30:04.000,2026-06-09 12:30:04.000
571034585,74672649,2026-06-09 12:30:20.000,WhatsApp9696,API,,read,2026-06-09 12:30:13.000,2026-06-09 12:30:14.000,2026-06-09 12:30:14.000
571034965,74672649,2026-06-09 12:30:26.000,WhatsApp9696,API,,read,2026-06-09 12:30:19.000,2026-06-09 12:30:19.000,2026-06-09 12:30:19.000
571034984,74672649,2026-06-09 12:30:26.000,WhatsApp9696,API,,read,2026-06-09 12:30:20.000,2026-06-09 12:30:20.000,2026-06-09 12:30:20.000
571035664,74672649,2026-06-09 12:30:36.000,WhatsApp9696,USER,,delivered,2026-06-09 12:30:35.000,2026-06-09 12:30:35.000,2026-06-09 12:30:35.000
571036228,74672649,2026-06-09 12:30:45.000,WhatsApp9696,API,,read,2026-06-09 12:30:38.000,2026-06-09 12:30:38.000,2026-06-09 12:30:38.000
571041559,74672649,2026-06-09 12:32:10.000,WhatsApp9696,API,,read,2026-06-09 12:32:04.000,2026-06-09 12:32:05.000,2026-06-09 12:32:59.000
571045480,74672649,2026-06-09 12:33:09.000,WhatsApp9696,API,,read,2026-06-09 12:33:03.000,2026-06-09 12:33:03.000,2026-06-09 12:33:03.000
571081080,74672649,2026-06-09 12:42:40.000,WhatsApp9696,USER,,delivered,2026-06-09 12:42:38.000,2026-06-09 12:42:38.000,2026-06-09 12:42:38.000
571081484,74672649,2026-06-09 12:42:46.000,WhatsApp9696,USER,,delivered,2026-06-09 12:42:45.000,2026-06-09 12:42:45.000,2026-06-09 12:42:45.000
571081588,74672649,2026-06-09 12:42:48.000,WhatsApp9696,USER,,delivered,2026-06-09 12:42:46.000,2026-06-09 12:42:46.000,2026-06-09 12:42:46.000
571081621,74672649,2026-06-09 12:42:48.000,WhatsApp9696,API,,read,2026-06-09 12:42:42.000,2026-06-09 12:42:42.000,2026-06-09 12:42:42.000
571081690,74672649,2026-06-09 12:42:49.000,WhatsApp9696,API,,read,2026-06-09 12:42:42.000,2026-06-09 12:42:43.000,2026-06-09 12:42:43.000
571081703,74672649,2026-06-09 12:42:49.000,WhatsApp9696,USER,,delivered,2026-06-09 12:42:47.000,2026-06-09 12:42:47.000,2026-06-09 12:42:47.000
571082011,74672649,2026-06-09 12:42:54.000,WhatsApp9696,API,,read,2026-06-09 12:42:48.000,2026-06-09 12:42:49.000,2026-06-09 12:42:49.000
571082126,74672649,2026-06-09 12:42:56.000,WhatsApp9696,API,,read,2026-06-09 12:42:49.000,2026-06-09 12:42:50.000,2026-06-09 12:42:50.000
571082280,74672649,2026-06-09 12:42:58.000,WhatsApp9696,API,,read,2026-06-09 12:42:51.000,2026-06-09 12:42:51.000,2026-06-09 12:42:51.000
571082383,74672649,2026-06-09 12:42:59.000,WhatsApp9696,USER,,delivered,2026-06-09 12:42:58.000,2026-06-09 12:42:58.000,2026-06-09 12:42:58.000
571082784,74672649,2026-06-09 12:43:05.000,WhatsApp9696,USER,,delivered,2026-06-09 12:43:03.000,2026-06-09 12:43:03.000,2026-06-09 12:43:03.000
571082924,74672649,2026-06-09 12:43:07.000,WhatsApp9696,API,,read,2026-06-09 12:43:01.000,2026-06-09 12:43:01.000,2026-06-09 12:43:01.000
571082982,74672649,2026-06-09 12:43:08.000,WhatsApp9696,API,,read,2026-06-09 12:43:02.000,2026-06-09 12:43:02.000,2026-06-09 12:43:02.000
571083142,74672649,2026-06-09 12:43:10.000,WhatsApp9696,USER,,delivered,2026-06-09 12:43:09.000,2026-06-09 12:43:09.000,2026-06-09 12:43:09.000
571083331,74672649,2026-06-09 12:43:13.000,WhatsApp9696,API,,read,2026-06-09 12:43:06.000,2026-06-09 12:43:07.000,2026-06-09 12:43:07.000
571083442,74672649,2026-06-09 12:43:14.000,WhatsApp9696,API,,read,2026-06-09 12:43:07.000,2026-06-09 12:43:08.000,2026-06-09 12:43:08.000
571083630,74672649,2026-06-09 12:43:18.000,WhatsApp9696,API,,read,2026-06-09 12:43:12.000,2026-06-09 12:43:12.000,2026-06-09 12:43:12.000
571084807,74672649,2026-06-09 12:43:36.000,WhatsApp9696,USER,,delivered,2026-06-09 12:43:32.000,2026-06-09 12:43:32.000,2026-06-09 12:43:32.000
571085434,74672649,2026-06-09 12:43:47.000,WhatsApp9696,API,,read,2026-06-09 12:43:40.000,2026-06-09 12:43:41.000,2026-06-09 12:43:41.000
571085476,74672649,2026-06-09 12:43:47.000,WhatsApp9696,USER,,delivered,2026-06-09 12:43:45.000,2026-06-09 12:43:45.000,
571085627,74672649,2026-06-09 12:43:50.000,WhatsApp9696,USER,,delivered,2026-06-09 12:43:48.000,2026-06-09 12:43:48.000,2026-06-09 12:43:48.000
571086173,74672649,2026-06-09 12:43:58.000,WhatsApp9696,API,,read,2026-06-09 12:43:51.000,2026-06-09 12:43:52.000,2026-06-09 12:43:52.000
571086418,74672649,2026-06-09 12:44:01.000,WhatsApp9696,API,,read,2026-06-09 12:43:54.000,2026-06-09 12:43:55.000,2026-06-09 12:43:55.000
571099550,74672649,2026-06-09 12:47:30.000,WhatsApp9696,USER,,delivered,2026-06-09 12:47:29.000,2026-06-09 12:47:29.000,2026-06-09 12:47:29.000
571099959,74672649,2026-06-09 12:47:37.000,WhatsApp9696,USER,,delivered,2026-06-09 12:47:36.000,2026-06-09 12:47:36.000,2026-06-09 12:47:36.000
571100018,74672649,2026-06-09 12:47:38.000,WhatsApp9696,USER,,delivered,2026-06-09 12:47:36.000,2026-06-09 12:47:36.000,2026-06-09 12:47:36.000
571100038,74672649,2026-06-09 12:47:38.000,WhatsApp9696,API,,read,2026-06-09 12:47:32.000,2026-06-09 12:47:32.000,2026-06-09 12:47:32.000
571100077,74672649,2026-06-09 12:47:39.000,WhatsApp9696,USER,,delivered,2026-06-09 12:47:37.000,2026-06-09 12:47:37.000,2026-06-09 12:47:37.000
571100101,74672649,2026-06-09 12:47:39.000,WhatsApp9696,API,,read,2026-06-09 12:47:33.000,2026-06-09 12:47:33.000,2026-06-09 12:47:33.000
571100479,74672649,2026-06-09 12:47:45.000,WhatsApp9696,API,,read,2026-06-09 12:47:38.000,2026-06-09 12:47:40.000,2026-06-09 12:47:40.000
571100553,74672649,2026-06-09 12:47:46.000,WhatsApp9696,API,,read,2026-06-09 12:47:39.000,2026-06-09 12:47:40.000,2026-06-09 12:47:40.000
571100705,74672649,2026-06-09 12:47:48.000,WhatsApp9696,API,,read,2026-06-09 12:47:40.000,2026-06-09 12:47:40.000,2026-06-09 12:47:40.000
571100770,74672649,2026-06-09 12:47:49.000,WhatsApp9696,USER,,delivered,2026-06-09 12:47:47.000,2026-06-09 12:47:47.000,2026-06-09 12:47:47.000
571101148,74672649,2026-06-09 12:47:54.000,WhatsApp9696,USER,,delivered,2026-06-09 12:47:53.000,2026-06-09 12:47:53.000,2026-06-09 12:47:53.000
571101336,74672649,2026-06-09 12:47:57.000,WhatsApp9696,API,,read,2026-06-09 12:47:50.000,2026-06-09 12:47:50.000,2026-06-09 12:47:50.000
571101384,74672649,2026-06-09 12:47:57.000,WhatsApp9696,API,,read,2026-06-09 12:47:51.000,2026-06-09 12:47:51.000,2026-06-09 12:47:51.000
571101489,74672649,2026-06-09 12:47:59.000,WhatsApp9696,USER,,delivered,2026-06-09 12:47:58.000,2026-06-09 12:47:58.000,2026-06-09 12:47:58.000
571101673,74672649,2026-06-09 12:48:02.000,WhatsApp9696,API,,read,2026-06-09 12:47:55.000,2026-06-09 12:47:56.000,2026-06-09 12:47:56.000
571101719,74672649,2026-06-09 12:48:03.000,WhatsApp9696,API,,read,2026-06-09 12:47:56.000,2026-06-09 12:47:56.000,2026-06-09 12:47:56.000
571102025,74672649,2026-06-09 12:48:07.000,WhatsApp9696,API,,read,2026-06-09 12:48:00.000,2026-06-09 12:48:01.000,2026-06-09 12:48:01.000
571102771,74672649,2026-06-09 12:48:18.000,WhatsApp9696,API,,read,2026-06-09 12:48:11.000,2026-06-09 12:48:11.000,2026-06-09 12:55:06.000
571120311,74672649,2026-06-09 12:53:08.000,WhatsApp9696,API,,read,2026-06-09 12:53:01.000,2026-06-09 12:53:10.000,2026-06-09 12:55:06.000
571120555,74672649,2026-06-09 12:53:12.000,WhatsApp9696,API,,read,2026-06-09 12:53:06.000,2026-06-09 12:53:11.000,2026-06-09 12:55:06.000
571251444,74672649,2026-06-09 13:30:20.000,WhatsApp9696,API,,read,2026-06-09 13:30:14.000,2026-06-09 13:30:16.000,2026-06-09 13:32:02.000
834648382,89915301,2026-09-05 22:10:43.000,WhatsApp9696,API,7942625041_airtel_astbuy10,read,2026-09-05 22:10:33.000,2026-09-05 22:10:38.000,2026-09-06 01:59:43.000
571365547,74672649,2026-06-09 14:03:48.000,WhatsApp9696,API,,read,2026-06-09 14:03:41.000,2026-06-09 14:03:42.000,2026-06-09 14:16:29.000
571641840,146924766,2026-06-09 15:30:27.000,WhatsApp9696,API,,read,2026-06-09 15:30:20.000,2026-06-09 15:30:24.000,2026-06-09 16:08:45.000
571801467,74672649,2026-06-09 16:20:41.000,WhatsApp9696,API,,read,2026-06-09 16:20:35.000,2026-06-09 16:20:36.000,2026-06-09 16:22:31.000
571906883,74672649,2026-06-09 16:53:09.000,WhatsApp9696,API,,read,2026-06-09 16:53:02.000,2026-06-09 16:53:06.000,2026-06-09 16:55:22.000
571914344,74672649,2026-06-09 16:55:24.000,WhatsApp9696,USER,,delivered,2026-06-09 16:55:23.000,2026-06-09 16:55:23.000,2026-06-09 16:55:23.000
571914781,74672649,2026-06-09 16:55:33.000,WhatsApp9696,API,,read,2026-06-09 16:55:26.000,2026-06-09 16:55:26.000,2026-06-09 17:23:17.000
426302950,74672649,2026-04-10 10:37:21.000,WhatsApp9696,API,,READ,2026-04-10 10:37:15.000,2026-04-10 10:37:17.000,2026-04-10 10:42:02.000
426315555,74672649,2026-04-10 10:42:19.000,WhatsApp9696,USER,,DELIVERED,2026-04-10 10:42:18.000,2026-04-10 10:42:18.000,
426315905,74672649,2026-04-10 10:42:26.000,WhatsApp9696,API,,READ,2026-04-10 10:42:20.000,2026-04-10 10:42:20.000,2026-04-10 10:42:20.000
426315924,74672649,2026-04-10 10:42:27.000,WhatsApp9696,USER,,DELIVERED,2026-04-10 10:42:25.000,2026-04-10 10:42:25.000,
426315927,74672649,2026-04-10 10:42:27.000,WhatsApp9696,API,,READ,2026-04-10 10:42:21.000,2026-04-10 10:42:21.000,2026-04-10 10:42:21.000
426316231,74672649,2026-04-10 10:42:34.000,WhatsApp9696,API,,READ,2026-04-10 10:42:27.000,2026-04-10 10:42:28.000,2026-04-10 10:42:28.000
837789608,129233622,2026-09-06 21:28:03.000,WhatsApp9696,USER,,delivered,2026-09-06 21:28:02.000,2026-09-06 21:28:02.000,2026-09-06 21:28:02.000
837789982,129233622,2026-09-06 21:28:10.000,WhatsApp9696,API,,read,2026-09-06 21:28:05.000,2026-09-06 21:28:06.000,2026-09-06 21:28:06.000
837790051,129233622,2026-09-06 21:28:11.000,WhatsApp9696,API,,read,2026-09-06 21:28:05.000,2026-09-06 21:28:06.000,2026-09-06 21:28:06.000
837805445,129233622,2026-09-06 21:33:13.000,WhatsApp9696,API,,read,2026-09-06 21:33:06.000,2026-09-06 21:33:07.000,2026-09-06 23:09:33.000
837820543,129233622,2026-09-06 21:38:14.000,WhatsApp9696,API,,read,2026-09-06 21:38:07.000,2026-09-06 21:38:10.000,2026-09-06 23:09:33.000
837820876,129233622,2026-09-06 21:38:21.000,WhatsApp9696,API,7949338050_airtel_astbuy12,read,2026-09-06 21:38:14.000,2026-09-06 21:38:16.000,2026-09-06 23:09:33.000
837820884,129233622,2026-09-06 21:38:21.000,WhatsApp9696,API,airtel_var8_8047817531_new,read,2026-09-06 21:38:13.000,2026-09-06 21:38:14.000,2026-09-06 23:09:33.000
837821028,129233622,2026-09-06 21:38:24.000,WhatsApp9696,API,7942641605_airtel_astbuy12,read,2026-09-06 21:38:11.000,2026-09-06 21:38:17.000,2026-09-06 23:09:33.000
838006242,129233622,2026-09-06 22:38:21.000,WhatsApp9696,API,nonts_airtel_8047817531_new,read,2026-09-06 22:38:08.000,2026-09-06 22:38:14.000,2026-09-06 23:09:33.000
838834214,129233622,2026-09-07 10:16:59.000,WhatsApp9696,API,7949082251_airtel_astbuy10,read,2026-09-07 10:16:51.000,2026-09-07 10:16:53.000,2026-09-07 12:54:28.000
840798422,129233622,2026-09-07 14:06:46.000,WhatsApp9696,API,7948548460_airtel_astbuy10,read,2026-09-07 14:06:34.000,2026-09-07 14:06:38.000,2026-09-07 14:09:28.000
841518244,271092163,2026-09-07 14:58:37.000,WhatsApp8181,API,ai_photo_hinglish_temp,failed,2026-09-05 17:56:59.000,,
841519339,271092163,2026-09-07 14:58:43.000,WhatsApp8181,API,ai_pns_cancel2_1,failed,2026-09-05 17:57:14.000,,
842800060,271092163,2026-09-07 16:34:13.000,WhatsApp8181,API,ai_nudge_13_1,failed,2026-09-06 09:30:13.000,,
496673509,74672649,2026-05-09 16:54:21.000,WhatsApp9696,USER,,DELIVERED,2026-05-09 16:54:19.000,2026-05-09 16:54:19.000,
496673882,74672649,2026-05-09 16:54:29.000,WhatsApp9696,API,,READ,2026-05-09 16:54:22.000,2026-05-09 16:54:23.000,2026-05-09 16:54:27.000
496673949,74672649,2026-05-09 16:54:31.000,WhatsApp9696,API,,READ,2026-05-09 16:54:24.000,2026-05-09 16:54:25.000,2026-05-09 16:54:27.000
496686137,74672649,2026-05-09 16:59:31.000,WhatsApp9696,API,,READ,2026-05-09 16:59:24.000,2026-05-09 16:59:26.000,2026-05-09 17:00:36.000
496689184,74672649,2026-05-09 17:00:44.000,WhatsApp9696,USER,,DELIVERED,2026-05-09 17:00:43.000,2026-05-09 17:00:43.000,
496689488,74672649,2026-05-09 17:00:52.000,WhatsApp9696,API,,READ,2026-05-09 17:00:46.000,2026-05-09 17:00:46.000,2026-05-09 17:00:49.000
496689524,74672649,2026-05-09 17:00:52.000,WhatsApp9696,USER,,DELIVERED,2026-05-09 17:00:51.000,2026-05-09 17:00:51.000,
496689547,74672649,2026-05-09 17:00:53.000,WhatsApp9696,API,,READ,2026-05-09 17:00:46.000,2026-05-09 17:00:47.000,2026-05-09 17:00:49.000
496689853,74672649,2026-05-09 17:01:00.000,WhatsApp9696,API,,READ,2026-05-09 17:00:54.000,2026-05-09 17:00:54.000,2026-05-09 17:00:54.000
496689899,74672649,2026-05-09 17:01:01.000,WhatsApp9696,API,,DELIVERED,2026-05-09 17:00:55.000,2026-05-09 17:00:55.000,2026-05-09 17:00:55.000
496690028,74672649,2026-05-09 17:01:04.000,WhatsApp9696,USER,,DELIVERED,2026-05-09 17:01:02.000,2026-05-09 17:01:02.000,
496690340,74672649,2026-05-09 17:01:11.000,WhatsApp9696,API,,READ,2026-05-09 17:01:05.000,2026-05-09 17:01:05.000,2026-05-09 17:01:05.000
496691245,74672649,2026-05-09 17:01:31.000,WhatsApp9696,USER,,DELIVERED,2026-05-09 17:01:27.000,2026-05-09 17:01:27.000,
496691643,74672649,2026-05-09 17:01:40.000,WhatsApp9696,API,,READ,2026-05-09 17:01:34.000,2026-05-09 17:01:34.000,2026-05-09 17:01:37.000
496691763,74672649,2026-05-09 17:01:43.000,WhatsApp9696,USER,,DELIVERED,2026-05-09 17:01:41.000,2026-05-09 17:01:41.000,
496692358,74672649,2026-05-09 17:01:55.000,WhatsApp9696,API,,DELIVERED,2026-05-09 17:01:48.000,2026-05-09 17:01:49.000,2026-05-09 17:01:49.000
496840066,74672649,2026-05-09 18:01:51.000,WhatsApp9696,API,,READ,2026-05-09 18:01:45.000,2026-05-09 18:01:46.000,2026-05-09 18:02:43.000
513481093,39067747,2026-05-16 13:46:42.000,WhatsApp9696,API,,READ,2026-05-16 13:46:36.000,2026-05-16 13:46:37.000,2026-05-16 13:51:03.000
513481097,39067747,2026-05-16 13:46:42.000,WhatsApp9696,API,,READ,2026-05-16 13:46:36.000,2026-05-16 13:46:37.000,2026-05-16 13:51:03.000
425151674,74672649,2026-04-09 18:42:47.000,WhatsApp9696,USER,,DELIVERED,2026-04-09 18:42:45.000,2026-04-09 18:42:45.000,
425152055,74672649,2026-04-09 18:42:54.000,WhatsApp9696,API,,READ,2026-04-09 18:42:49.000,2026-04-09 18:42:52.000,2026-04-09 18:43:17.000
425152255,74672649,2026-04-09 18:42:59.000,WhatsApp9696,API,,READ,2026-04-09 18:42:48.000,2026-04-09 18:42:52.000,2026-04-09 18:43:17.000
425153122,74672649,2026-04-09 18:43:21.000,WhatsApp9696,USER,,DELIVERED,2026-04-09 18:43:19.000,2026-04-09 18:43:19.000,
425153213,74672649,2026-04-09 18:43:23.000,WhatsApp9696,USER,,DELIVERED,2026-04-09 18:43:21.000,2026-04-09 18:43:21.000,
425153264,74672649,2026-04-09 18:43:24.000,WhatsApp9696,USER,,DELIVERED,2026-04-09 18:43:23.000,2026-04-09 18:43:23.000,
425153427,74672649,2026-04-09 18:43:27.000,WhatsApp9696,API,,READ,2026-04-09 18:43:22.000,2026-04-09 18:43:22.000,2026-04-09 18:43:22.000
425153582,74672649,2026-04-09 18:43:31.000,WhatsApp9696,API,,READ,2026-04-09 18:43:25.000,2026-04-09 18:43:26.000,2026-04-09 18:43:26.000
425153691,74672649,2026-04-09 18:43:34.000,WhatsApp9696,API,,READ,2026-04-09 18:43:28.000,2026-04-09 18:43:29.000,2026-04-09 18:43:29.000
425153900,74672649,2026-04-09 18:43:39.000,WhatsApp9696,API,,READ,2026-04-09 18:43:34.000,2026-04-09 18:43:35.000,2026-04-09 18:43:35.000
425153901,74672649,2026-04-09 18:43:39.000,WhatsApp9696,API,,READ,2026-04-09 18:43:34.000,2026-04-09 18:43:34.000,2026-04-09 18:43:34.000
425154431,74672649,2026-04-09 18:43:53.000,WhatsApp9696,USER,,DELIVERED,2026-04-09 18:43:52.000,2026-04-09 18:43:52.000,
425154750,74672649,2026-04-09 18:44:02.000,WhatsApp9696,API,,READ,2026-04-09 18:43:56.000,2026-04-09 18:43:56.000,2026-04-09 18:43:56.000
425286491,74672649,2026-04-09 19:43:30.000,WhatsApp9696,API,,READ,2026-04-09 19:43:24.000,2026-04-09 19:43:26.000,2026-04-09 20:35:51.000
425411381,74672649,2026-04-09 20:37:02.000,WhatsApp9696,USER,,DELIVERED,2026-04-09 20:37:01.000,2026-04-09 20:37:01.000,
425411635,74672649,2026-04-09 20:37:10.000,WhatsApp9696,API,,READ,2026-04-09 20:37:04.000,2026-04-09 20:37:05.000,2026-04-09 20:37:05.000
425761544,74672649,2026-04-09 23:31:44.000,WhatsApp9696,API,,READ,2026-04-09 23:31:38.000,2026-04-09 23:31:39.000,2026-04-09 23:39:16.000
907984570,129233622,2026-09-18 15:05:41.000,WhatsApp8181,API,nps,read,2026-09-18 15:05:26.000,2026-09-18 15:05:35.000,2026-09-18 15:25:46.000
908901953,146924766,2026-09-18 17:30:57.000,WhatsApp9696,API,paid_seller_feedback_sep25_1,read,2026-09-18 17:30:49.000,2026-09-18 17:31:25.000,2026-09-18 17:34:57.000
593102842,75623573,2026-06-16 21:16:25.000,WhatsApp9696,USER,,delivered,2026-06-16 21:16:23.000,2026-06-16 21:16:23.000,2026-06-16 21:16:23.000
593103050,75623573,2026-06-16 21:16:31.000,WhatsApp9696,API,,read,2026-06-16 21:16:26.000,2026-06-16 21:16:27.000,2026-06-16 21:16:27.000
593103115,75623573,2026-06-16 21:16:33.000,WhatsApp9696,API,,read,2026-06-16 21:16:27.000,2026-06-16 21:16:27.000,2026-06-16 21:16:27.000
593103228,75623573,2026-06-16 21:16:36.000,WhatsApp9696,USER,,delivered,2026-06-16 21:16:34.000,2026-06-16 21:16:34.000,2026-06-16 21:16:34.000
593103493,75623573,2026-06-16 21:16:44.000,WhatsApp9696,API,,read,2026-06-16 21:16:37.000,2026-06-16 21:16:38.000,2026-06-16 21:16:38.000
593103748,75623573,2026-06-16 21:16:50.000,WhatsApp9696,USER,,delivered,2026-06-16 21:16:49.000,2026-06-16 21:16:49.000,2026-06-16 21:16:49.000
593104035,75623573,2026-06-16 21:16:58.000,WhatsApp9696,API,,read,2026-06-16 21:16:51.000,2026-06-16 21:16:52.000,2026-06-16 21:16:52.000
593128224,75623573,2026-06-16 21:26:58.000,WhatsApp9696,API,,read,2026-06-16 21:26:52.000,2026-06-16 21:26:53.000,2026-06-16 22:57:38.000
593128238,75623573,2026-06-16 21:26:58.000,WhatsApp9696,API,,failed,2026-06-16 21:26:53.000,,
593272733,75623573,2026-06-16 22:27:00.000,WhatsApp9696,API,,read,2026-06-16 22:26:53.000,2026-06-16 22:26:56.000,2026-06-16 22:57:38.000
593351808,75623573,2026-06-16 22:57:47.000,WhatsApp9696,USER,,delivered,2026-06-16 22:57:46.000,2026-06-16 22:57:46.000,2026-06-16 22:57:46.000
593352210,75623573,2026-06-16 22:57:58.000,WhatsApp9696,API,,read,2026-06-16 22:57:56.000,2026-06-16 22:57:52.000,2026-06-16 22:57:52.000
593353004,75623573,2026-06-16 22:58:19.000,WhatsApp9696,USER,,delivered,2026-06-16 22:58:17.000,2026-06-16 22:58:17.000,2026-06-16 22:58:17.000
593353347,75623573,2026-06-16 22:58:29.000,WhatsApp9696,API,,read,2026-06-16 22:58:23.000,2026-06-16 22:58:24.000,2026-06-16 22:58:24.000
856335007,129233622,2026-09-09 12:31:00.000,WhatsApp9696,API,8047830324_airtel_astbuy10,read,2026-09-09 12:30:51.000,2026-09-09 12:30:54.000,2026-09-09 18:33:51.000
686958575,146924766,2026-07-20 16:30:42.000,WhatsApp9696,API,,read,2026-07-20 16:30:35.000,2026-07-20 16:30:39.000,2026-07-20 16:43:08.000
912005937,129233622,2026-09-19 11:01:57.000,WhatsApp8181,API,ai_photo_hinglish_temp,read,2026-09-19 11:01:48.000,2026-09-19 11:01:49.000,2026-09-19 21:33:03.000
859254758,129233622,2026-09-09 20:18:41.000,WhatsApp9696,API,,failed,2026-09-09 20:18:32.000,,
861335141,148536957,2026-09-10 10:09:58.000,WhatsApp8181,USER,ai_photo_hinglish_temp,delivered,2026-09-10 10:09:56.000,2026-09-10 10:09:56.000,
861336106,148536957,2026-09-10 10:10:06.000,WhatsApp8181,API,,read,2026-09-10 10:10:00.000,2026-09-10 10:10:02.000,2026-09-10 10:10:02.000
861336193,148536957,2026-09-10 10:10:07.000,WhatsApp8181,API,,read,2026-09-10 10:10:01.000,2026-09-10 10:10:02.000,2026-09-10 10:10:02.000
861809536,148536957,2026-09-10 11:20:27.000,WhatsApp8181,API,wa81_trustseal_airtel_7942545532,read,2026-09-10 11:20:17.000,2026-09-10 11:20:21.000,2026-09-10 11:44:11.000
861372379,148536957,2026-09-10 10:15:09.000,WhatsApp8181,API,,read,2026-09-10 10:15:02.000,2026-09-10 10:15:03.000,2026-09-10 10:16:02.000
860825428,148536957,2026-09-10 09:17:37.000,WhatsApp8181,API,ai_photo_hinglish_temp,read,2026-09-10 09:17:24.000,2026-09-10 09:17:30.000,2026-09-10 10:09:53.000
861408152,148536957,2026-09-10 10:20:10.000,WhatsApp8181,API,,read,2026-09-10 10:20:03.000,2026-09-10 10:20:04.000,2026-09-10 10:28:15.000
861408299,148536957,2026-09-10 10:20:11.000,WhatsApp8181,API,,read,2026-09-10 10:20:05.000,2026-09-10 10:20:04.000,2026-09-10 10:28:15.000
861409872,148536957,2026-09-10 10:20:26.000,WhatsApp8181,API,7942545532_airtel_astbuy12,read,2026-09-10 10:20:17.000,2026-09-10 10:20:20.000,2026-09-10 10:28:15.000
861410089,148536957,2026-09-10 10:20:28.000,WhatsApp8181,API,8047825943_airtel_astbuy12,read,2026-09-10 10:20:18.000,2026-09-10 10:20:20.000,2026-09-10 10:28:15.000
861410627,148536957,2026-09-10 10:20:33.000,WhatsApp8181,API,7942616886_airtel_astbuy10,read,2026-09-10 10:20:26.000,2026-09-10 10:20:27.000,2026-09-10 10:28:15.000
861411278,148536957,2026-09-10 10:20:39.000,WhatsApp8181,API,7948217043_airtel_astbuy10,read,2026-09-10 10:20:32.000,2026-09-10 10:20:32.000,2026-09-10 10:28:15.000
861416108,148536957,2026-09-10 10:21:21.000,WhatsApp8181,API,7942794500_airtel_astbuy10,read,2026-09-10 10:21:12.000,2026-09-10 10:21:14.000,2026-09-10 10:28:15.000
861471263,148536957,2026-09-10 10:29:17.000,WhatsApp8181,API,8047817531_airtel_astbuy10,read,2026-09-10 10:29:09.000,2026-09-10 10:29:10.000,2026-09-10 10:45:30.000
861476893,148536957,2026-09-10 10:30:04.000,WhatsApp8181,API,7949338050_airtel_astbuy10,read,2026-09-10 10:29:56.000,2026-09-10 10:29:56.000,2026-09-10 10:45:30.000
863105945,148480662,2026-09-10 14:37:31.000,WhatsApp8181,API,ai_photo_hinglish_temp,sent,2026-09-10 14:37:22.000,,
864457556,266709159,2026-09-10 18:08:47.000,WhatsApp8181,API,ai_photo_english_temp3,read,2026-09-10 18:02:34.000,2026-09-10 18:02:39.000,2026-09-10 18:14:23.000
867094284,148480662,2026-09-11 09:50:24.000,WhatsApp8181,API,ai_nudge_13_1,sent,2026-09-11 09:50:14.000,,
915060232,129233622,2026-09-19 19:06:23.000,WhatsApp8181,API,ai_nudge_13_1,read,2026-09-19 19:06:16.000,2026-09-19 19:06:18.000,2026-09-19 21:33:03.000
867247280,266709159,2026-09-11 10:05:05.000,WhatsApp8181,API,ai_nudge_13_1,read,2026-09-11 10:04:56.000,2026-09-11 10:05:01.000,2026-09-11 10:36:05.000
692560494,146924766,2026-07-22 15:23:50.000,WhatsApp9696,USER,,delivered,2026-07-22 15:23:48.000,2026-07-22 15:23:48.000,2026-07-22 15:23:48.000
692561301,146924766,2026-07-22 15:23:59.000,WhatsApp9696,API,,read,2026-07-22 15:23:53.000,2026-07-22 15:23:54.000,2026-07-22 15:23:55.000
692561313,146924766,2026-07-22 15:23:59.000,WhatsApp9696,USER,,delivered,2026-07-22 15:23:58.000,2026-07-22 15:23:58.000,2026-07-22 15:23:58.000
692561355,146924766,2026-07-22 15:24:00.000,WhatsApp9696,API,,read,2026-07-22 15:23:54.000,2026-07-22 15:23:55.000,2026-07-22 15:23:55.000
692561922,146924766,2026-07-22 15:24:07.000,WhatsApp9696,API,,read,2026-07-22 15:24:01.000,2026-07-22 15:24:02.000,2026-07-22 15:24:20.000
692561951,146924766,2026-07-22 15:24:08.000,WhatsApp9696,API,,read,2026-07-22 15:24:02.000,2026-07-22 15:24:02.000,2026-07-22 15:24:20.000
692563304,146924766,2026-07-22 15:24:26.000,WhatsApp9696,USER,,delivered,2026-07-22 15:24:22.000,2026-07-22 15:24:22.000,2026-07-22 15:24:22.000
692563999,146924766,2026-07-22 15:24:36.000,WhatsApp9696,API,,read,2026-07-22 15:24:30.000,2026-07-22 15:24:31.000,2026-07-22 15:24:31.000
692564928,146924766,2026-07-22 15:24:49.000,WhatsApp9696,USER,,delivered,2026-07-22 15:24:48.000,2026-07-22 15:24:48.000,2026-07-22 15:24:48.000
692565548,146924766,2026-07-22 15:24:58.000,WhatsApp9696,API,,read,2026-07-22 15:24:52.000,2026-07-22 15:24:53.000,2026-07-22 15:24:53.000
692565603,146924766,2026-07-22 15:24:59.000,WhatsApp9696,API,,read,2026-07-22 15:24:53.000,2026-07-22 15:24:53.000,2026-07-22 15:24:53.000
949649703,129233622,2026-09-25 16:52:01.000,WhatsApp8181,API,ai_photo_hinglish_gujarati_1,read,2026-09-25 16:51:53.000,2026-09-25 16:51:56.000,2026-09-26 07:53:32.000
603978338,39067747,2026-06-20 16:16:13.000,WhatsApp9696,API,,read,2026-06-20 16:16:06.000,2026-06-20 16:16:07.000,2026-06-20 16:16:07.000
603986856,39067747,2026-06-20 16:18:56.000,WhatsApp9696,USER,,delivered,2026-06-20 16:18:54.000,2026-06-20 16:18:54.000,2026-06-20 16:18:54.000
603987196,39067747,2026-06-20 16:19:04.000,WhatsApp9696,API,,read,2026-06-20 16:18:57.000,2026-06-20 16:18:57.000,2026-06-20 16:19:40.000
603989164,39067747,2026-06-20 16:19:44.000,WhatsApp9696,USER,,delivered,2026-06-20 16:19:43.000,2026-06-20 16:19:43.000,2026-06-20 16:19:43.000
603989553,39067747,2026-06-20 16:19:51.000,WhatsApp9696,API,,read,2026-06-20 16:19:45.000,2026-06-20 16:19:45.000,2026-06-20 16:23:48.000
603989594,39067747,2026-06-20 16:19:52.000,WhatsApp9696,API,,read,2026-06-20 16:19:46.000,2026-06-20 16:19:46.000,2026-06-20 16:23:48.000
604004488,39067747,2026-06-20 16:24:53.000,WhatsApp9696,API,,read,2026-06-20 16:24:46.000,2026-06-20 16:24:47.000,2026-06-20 16:46:59.000
604018751,39067747,2026-06-20 16:29:54.000,WhatsApp9696,API,,read,2026-06-20 16:29:47.000,2026-06-20 16:29:48.000,2026-06-20 16:46:59.000
604018992,39067747,2026-06-20 16:29:59.000,WhatsApp9696,API,,read,2026-06-20 16:29:53.000,2026-06-20 16:29:53.000,2026-06-20 16:46:59.000
604019241,39067747,2026-06-20 16:30:04.000,WhatsApp9696,API,,read,2026-06-20 16:29:57.000,2026-06-20 16:29:58.000,2026-06-20 16:46:59.000
604019265,39067747,2026-06-20 16:30:04.000,WhatsApp9696,API,,read,2026-06-20 16:29:58.000,2026-06-20 16:29:58.000,2026-06-20 16:46:59.000
604019664,39067747,2026-06-20 16:30:12.000,WhatsApp9696,API,,read,2026-06-20 16:30:06.000,2026-06-20 16:30:06.000,2026-06-20 16:46:59.000
604020217,39067747,2026-06-20 16:30:24.000,WhatsApp9696,API,,read,2026-06-20 16:30:17.000,2026-06-20 16:30:17.000,2026-06-20 16:46:59.000
604020258,39067747,2026-06-20 16:30:24.000,WhatsApp9696,API,,read,2026-06-20 16:30:18.000,2026-06-20 16:30:19.000,2026-06-20 16:46:59.000
604025603,39067747,2026-06-20 16:32:00.000,WhatsApp9696,API,,read,2026-06-20 16:31:52.000,2026-06-20 16:31:54.000,2026-06-20 16:46:59.000
604029923,39067747,2026-06-20 16:33:27.000,WhatsApp9696,API,,read,2026-06-20 16:33:21.000,2026-06-20 16:33:21.000,2026-06-20 16:46:59.000
604197407,39067747,2026-06-20 17:29:58.000,WhatsApp9696,API,,read,2026-06-20 17:29:51.000,2026-06-20 17:29:52.000,2026-06-20 20:33:21.000
875541956,129233622,2026-09-12 17:31:51.000,WhatsApp8181,API,ai_photo_hinglish_temp,read,2026-09-12 17:31:37.000,2026-09-12 17:31:44.000,2026-09-12 23:40:15.000
604660866,39067747,2026-06-20 20:29:54.000,WhatsApp9696,API,,read,2026-06-20 20:29:48.000,2026-06-20 20:29:49.000,2026-06-20 20:33:21.000
969273997,129233622,2026-09-29 11:02:23.000,WhatsApp8181,API,wa81_nonts_airtel_8043835218,read,2026-09-29 11:02:14.000,2026-09-29 11:02:16.000,2026-09-30 16:48:36.000
977217377,129233622,2026-09-30 16:49:06.000,WhatsApp9696,USER,,delivered,2026-09-30 16:49:05.000,2026-09-30 16:49:05.000,2026-09-30 16:49:05.000
977217962,129233622,2026-09-30 16:49:13.000,WhatsApp9696,API,,read,2026-09-30 16:49:09.000,2026-09-30 16:49:09.000,2026-09-30 16:49:09.000
977218045,129233622,2026-09-30 16:49:13.000,WhatsApp9696,API,,read,2026-09-30 16:49:08.000,2026-09-30 16:49:08.000,2026-09-30 16:49:08.000
977218247,129233622,2026-09-30 16:49:16.000,WhatsApp9696,USER,,delivered,2026-09-30 16:49:15.000,2026-09-30 16:49:15.000,2026-09-30 16:49:15.000
977218814,129233622,2026-09-30 16:49:23.000,WhatsApp9696,API,,read,2026-09-30 16:49:17.000,2026-09-30 16:49:18.000,2026-09-30 16:49:18.000
977247442,129233622,2026-09-30 16:54:25.000,WhatsApp9696,API,,read,2026-09-30 16:54:17.000,2026-09-30 16:54:20.000,2026-09-30 16:58:06.000
977272988,129233622,2026-09-30 16:59:31.000,WhatsApp9696,API,wa96_ty_card_airtel_8047795189,read,2026-09-30 16:59:23.000,2026-09-30 16:59:23.000,2026-09-30 16:59:54.000
977274898,129233622,2026-09-30 16:59:55.000,WhatsApp9696,API,9696_airtel_7942666273_bl,read,2026-09-30 16:59:46.000,2026-09-30 16:59:49.000,2026-09-30 16:59:54.000
977279044,129233622,2026-09-30 17:00:47.000,WhatsApp9696,API,9696_airtel_7942562522_bl,read,2026-09-30 17:00:37.000,2026-09-30 17:00:39.000,2026-09-30 17:10:49.000
977317834,129233622,2026-09-30 17:07:32.000,WhatsApp9696,API,9696_airtel_7949330891_bl,read,2026-09-30 17:07:24.000,2026-09-30 17:07:26.000,2026-09-30 17:10:49.000
976693378,39067747,2026-09-30 15:16:36.000,WhatsApp8181,API,ai_photo_hinglish_temp,read,2026-09-30 15:16:27.000,2026-09-30 15:16:28.000,2026-09-30 15:37:54.000
977353468,129233622,2026-09-30 17:11:29.000,WhatsApp9696,API,9696_airtel_8047806912_bl,read,2026-09-30 17:11:21.000,2026-09-30 17:11:23.000,2026-09-30 17:19:11.000
977380962,129233622,2026-09-30 17:16:12.000,WhatsApp9696,API,9696_airtel_7942793670_bl,read,2026-09-30 17:16:03.000,2026-09-30 17:16:05.000,2026-09-30 17:19:11.000
951975600,129233622,2026-09-26 07:53:46.000,WhatsApp8181,USER,ai_photo_hinglish_gujarati_1,delivered,2026-09-26 07:53:43.000,2026-09-26 07:53:43.000,
951975776,129233622,2026-09-26 07:53:52.000,WhatsApp8181,API,,read,2026-09-26 07:53:47.000,2026-09-26 07:53:48.000,2026-09-26 07:53:48.000
951975801,129233622,2026-09-26 07:53:53.000,WhatsApp8181,API,,read,2026-09-26 07:53:47.000,2026-09-26 07:53:48.000,2026-09-26 07:53:48.000
951976095,129233622,2026-09-26 07:54:05.000,WhatsApp8181,USER,,delivered,2026-09-26 07:54:03.000,2026-09-26 07:54:03.000,
951976306,129233622,2026-09-26 07:54:13.000,WhatsApp8181,API,,read,2026-09-26 07:54:07.000,2026-09-26 07:54:07.000,2026-09-26 07:54:07.000
951976437,129233622,2026-09-26 07:54:18.000,WhatsApp8181,USER,,delivered,2026-09-26 07:54:16.000,2026-09-26 07:54:16.000,
951976638,129233622,2026-09-26 07:54:24.000,WhatsApp8181,API,,read,2026-09-26 07:54:20.000,2026-09-26 07:54:20.000,2026-09-26 07:54:20.000
951976645,129233622,2026-09-26 07:54:24.000,WhatsApp8181,API,,read,2026-09-26 07:54:19.000,2026-09-26 07:54:20.000,2026-09-26 07:54:20.000
951976721,129233622,2026-09-26 07:54:26.000,WhatsApp8181,USER,,delivered,2026-09-26 07:54:24.000,2026-09-26 07:54:24.000,
951976925,129233622,2026-09-26 07:54:33.000,WhatsApp8181,API,,read,2026-09-26 07:54:27.000,2026-09-26 07:54:28.000,2026-09-26 07:54:28.000
951976930,129233622,2026-09-26 07:54:33.000,WhatsApp8181,API,,read,2026-09-26 07:54:29.000,2026-09-26 07:54:29.000,2026-09-26 07:54:29.000
951977067,129233622,2026-09-26 07:54:36.000,WhatsApp8181,USER,,delivered,2026-09-26 07:54:35.000,2026-09-26 07:54:35.000,
951977275,129233622,2026-09-26 07:54:43.000,WhatsApp8181,API,,read,2026-09-26 07:54:38.000,2026-09-26 07:54:39.000,2026-09-26 07:54:39.000
951977582,129233622,2026-09-26 07:54:55.000,WhatsApp8181,USER,,delivered,2026-09-26 07:54:49.000,2026-09-26 07:54:49.000,
951977822,129233622,2026-09-26 07:55:04.000,WhatsApp8181,API,,read,2026-09-26 07:54:56.000,2026-09-26 07:54:57.000,2026-09-26 09:37:33.000
951978499,129233622,2026-09-26 07:55:32.000,WhatsApp8181,API,8181_airtel_8047662588_astbuy2,read,2026-09-26 07:55:25.000,2026-09-26 07:55:28.000,2026-09-26 09:37:33.000
951978517,129233622,2026-09-26 07:55:33.000,WhatsApp8181,API,8181_airtel_7942613079_astbuy2,read,2026-09-26 07:55:26.000,2026-09-26 07:55:28.000,2026-09-26 09:37:33.000
952014214,129233622,2026-09-26 08:16:26.000,WhatsApp8181,API,8181_airtel_7942616554_bl,read,2026-09-26 08:16:14.000,2026-09-26 08:16:20.000,2026-09-26 09:37:35.000
952045593,129233622,2026-09-26 08:33:46.000,WhatsApp8181,API,8181_airtel_7942625041_bl,read,2026-09-26 08:33:34.000,2026-09-26 08:33:39.000,2026-09-26 09:37:35.000
952074485,129233622,2026-09-26 08:46:00.000,WhatsApp8181,API,8181_airtel_7942545532_bl,read,2026-09-26 08:45:49.000,2026-09-26 08:45:54.000,2026-09-26 09:37:35.000
952097892,129233622,2026-09-26 08:55:33.000,WhatsApp8181,API,wa81_trustseal_airtel_7942613079,read,2026-09-26 08:55:26.000,2026-09-26 08:55:28.000,2026-09-26 09:37:35.000
952179390,129233622,2026-09-26 09:09:19.000,WhatsApp8181,API,8181_airtel_7942616886_bl,read,2026-09-26 09:09:11.000,2026-09-26 09:09:13.000,2026-09-26 09:37:35.000
952192277,129233622,2026-09-26 09:10:55.000,WhatsApp8181,API,8181_airtel_7948217043_bl,read,2026-09-26 09:10:47.000,2026-09-26 09:10:51.000,2026-09-26 09:37:35.000
977687417,129233622,2026-09-30 17:59:27.000,WhatsApp9696,API,wa96_ts_1_hr_v4_airtel_8047795189,read,2026-09-30 17:59:21.000,2026-09-30 17:59:22.000,2026-09-30 18:08:58.000
978997611,129233622,2026-09-30 22:58:48.000,WhatsApp9696,API,,read,2026-09-30 22:58:40.000,2026-09-30 22:58:42.000,2026-09-30 23:14:38.000
978997611,129233622,2026-09-30 22:58:48.000,WhatsApp9696,API,,delivered,2026-09-30 22:58:40.000,2026-09-30 22:58:42.000,
955044084,129233622,2026-09-26 16:09:46.000,WhatsApp9696,API,,read,2026-09-26 16:09:41.000,2026-09-26 16:09:41.000,2026-09-26 16:09:41.000
952839574,129233622,2026-09-26 10:26:26.000,WhatsApp9696,API,,failed,2026-09-26 10:26:18.000,,
979233924,129233622,2026-10-01 01:42:11.000,WhatsApp9696,API,,delivered,2026-10-01 01:42:02.000,2026-10-01 01:42:05.000,
979982984,39067747,2026-10-01 09:41:21.000,WhatsApp8181,API,ai_nudge_13_1,delivered,2026-10-01 09:41:15.000,2026-10-01 09:41:48.000,
980387372,271092163,2026-10-01 10:29:37.000,WhatsApp8181,API,ai_photo_hinglish_temp,failed,2026-10-01 10:29:28.000,,
980388499,271092163,2026-10-01 10:29:49.000,WhatsApp8181,API,ai_pns_cancel2_1,failed,2026-10-01 10:29:38.000,,
981420606,39067747,2026-10-01 13:12:30.000,WhatsApp9696,API,9696_airtel_8047662588_astbuy2,read,2026-10-01 13:12:21.000,2026-10-01 13:12:24.000,2026-10-01 13:13:37.000
981420777,39067747,2026-10-01 13:12:32.000,WhatsApp9696,API,9696_airtel_8045910752_astbuy2,read,2026-10-01 13:12:21.000,2026-10-01 13:12:25.000,2026-10-01 13:13:37.000
981421237,39067747,2026-10-01 13:12:36.000,WhatsApp9696,API,9696_airtel_8047625310_bl,read,2026-10-01 13:12:27.000,2026-10-01 13:12:29.000,2026-10-01 13:13:37.000
981422357,39067747,2026-10-01 13:12:46.000,WhatsApp9696,API,9696_airtel_7942613079_bl,read,2026-10-01 13:12:36.000,2026-10-01 13:12:38.000,2026-10-01 13:13:37.000
981422377,39067747,2026-10-01 13:12:46.000,WhatsApp9696,API,9696_airtel_7942616554_bl,read,2026-10-01 13:12:39.000,2026-10-01 13:12:40.000,2026-10-01 13:13:37.000
982099119,29265692,2026-10-01 15:08:28.000,WhatsApp8181,API,ai_photo_english_nospace1_1,failed,2026-10-01 15:08:14.000,,
982100483,29265692,2026-10-01 15:08:39.000,WhatsApp8181,API,ai_pns_cancel2_1,failed,2026-10-01 15:08:29.000,,
981508157,39067747,2026-10-01 13:26:21.000,WhatsApp9696,API,9696_airtel_8047825943_bl,read,2026-10-01 13:26:12.000,2026-10-01 13:26:16.000,2026-10-01 13:33:10.000
981551603,39067747,2026-10-01 13:33:08.000,WhatsApp9696,API,9696_airtel_7942625041_bl,read,2026-10-01 13:32:59.000,2026-10-01 13:33:02.000,2026-10-01 13:33:10.000
982646163,39067747,2026-10-01 16:45:02.000,WhatsApp9696,API,,failed,2026-10-01 16:44:55.000,,
983529225,29265692,2026-10-01 19:15:17.000,WhatsApp8181,API,,failed,2026-10-01 19:15:11.000,,
954834979,203498530,2026-09-26 15:32:05.000,WhatsApp8181,API,ai_photo_hinglish_temp,read,2026-09-26 15:31:55.000,2026-09-26 15:31:58.000,2026-09-26 19:26:08.000
955036537,129233622,2026-09-26 16:08:22.000,WhatsApp9696,USER,,delivered,2026-09-26 16:08:20.000,2026-09-26 16:08:20.000,2026-09-26 16:08:20.000
955037241,129233622,2026-09-26 16:08:29.000,WhatsApp9696,API,,read,2026-09-26 16:08:24.000,2026-09-26 16:08:25.000,2026-09-26 16:08:25.000
955037343,129233622,2026-09-26 16:08:30.000,WhatsApp9696,USER,,delivered,2026-09-26 16:08:29.000,2026-09-26 16:08:29.000,2026-09-26 16:08:29.000
955037458,129233622,2026-09-26 16:08:31.000,WhatsApp9696,API,,delivered,2026-09-26 16:08:25.000,2026-09-26 16:08:25.000,
955037882,129233622,2026-09-26 16:08:35.000,WhatsApp9696,API,,read,2026-09-26 16:08:32.000,2026-09-26 16:08:32.000,2026-09-26 16:08:32.000
955038528,129233622,2026-09-26 16:08:41.000,WhatsApp9696,USER,,delivered,2026-09-26 16:08:40.000,2026-09-26 16:08:40.000,2026-09-26 16:08:40.000
955039173,129233622,2026-09-26 16:08:48.000,WhatsApp9696,API,,read,2026-09-26 16:08:43.000,2026-09-26 16:08:43.000,2026-09-26 16:08:43.000
955039252,129233622,2026-09-26 16:08:49.000,WhatsApp9696,API,,read,2026-09-26 16:08:44.000,2026-09-26 16:08:44.000,2026-09-26 16:08:44.000
955043447,129233622,2026-09-26 16:09:39.000,WhatsApp9696,USER,,delivered,2026-09-26 16:09:37.000,2026-09-26 16:09:37.000,2026-09-26 16:09:37.000
955044170,129233622,2026-09-26 16:09:47.000,WhatsApp9696,USER,,delivered,2026-09-26 16:09:46.000,2026-09-26 16:09:46.000,2026-09-26 16:09:46.000
955044808,129233622,2026-09-26 16:09:54.000,WhatsApp9696,API,,read,2026-09-26 16:09:48.000,2026-09-26 16:09:49.000,2026-09-26 16:09:49.000
955044872,129233622,2026-09-26 16:09:55.000,WhatsApp9696,USER,,delivered,2026-09-26 16:09:53.000,2026-09-26 16:09:53.000,2026-09-26 16:09:53.000
955045467,129233622,2026-09-26 16:10:02.000,WhatsApp9696,API,,read,2026-09-26 16:09:56.000,2026-09-26 16:09:57.000,2026-09-26 16:09:57.000
955050117,129233622,2026-09-26 16:11:00.000,WhatsApp9696,USER,,delivered,2026-09-26 16:10:59.000,2026-09-26 16:10:59.000,2026-09-26 16:10:59.000
955050660,129233622,2026-09-26 16:11:06.000,WhatsApp9696,API,,read,2026-09-26 16:11:02.000,2026-09-26 16:11:02.000,2026-09-26 16:11:02.000
955050707,129233622,2026-09-26 16:11:07.000,WhatsApp9696,API,,read,2026-09-26 16:11:02.000,2026-09-26 16:11:03.000,2026-09-26 16:11:03.000
955050792,129233622,2026-09-26 16:11:08.000,WhatsApp9696,USER,,delivered,2026-09-26 16:11:07.000,2026-09-26 16:11:07.000,2026-09-26 16:11:07.000
955051302,129233622,2026-09-26 16:11:14.000,WhatsApp9696,API,,read,2026-09-26 16:11:10.000,2026-09-26 16:11:10.000,2026-09-26 16:11:10.000
955051774,129233622,2026-09-26 16:11:20.000,WhatsApp9696,USER,,delivered,2026-09-26 16:11:19.000,2026-09-26 16:11:19.000,2026-09-26 16:11:19.000
955052359,129233622,2026-09-26 16:11:27.000,WhatsApp9696,API,,read,2026-09-26 16:11:22.000,2026-09-26 16:11:23.000,2026-09-26 16:11:23.000
955052367,129233622,2026-09-26 16:11:27.000,WhatsApp9696,API,,read,2026-09-26 16:11:21.000,2026-09-26 16:11:22.000,2026-09-26 16:11:22.000
955052586,129233622,2026-09-26 16:11:29.000,WhatsApp9696,USER,,delivered,2026-09-26 16:11:28.000,2026-09-26 16:11:28.000,2026-09-26 16:11:28.000
955053209,129233622,2026-09-26 16:11:34.000,WhatsApp9696,USER,,delivered,2026-09-26 16:11:33.000,2026-09-26 16:11:33.000,2026-09-26 16:11:33.000
955053341,129233622,2026-09-26 16:11:36.000,WhatsApp9696,API,,read,2026-09-26 16:11:30.000,2026-09-26 16:11:31.000,2026-09-26 16:11:31.000
955053858,129233622,2026-09-26 16:11:40.000,WhatsApp9696,USER,,delivered,2026-09-26 16:11:39.000,2026-09-26 16:11:39.000,2026-09-26 16:11:39.000
955053907,129233622,2026-09-26 16:11:41.000,WhatsApp9696,API,,read,2026-09-26 16:11:35.000,2026-09-26 16:11:36.000,2026-09-26 16:11:36.000
955055099,129233622,2026-09-26 16:11:51.000,WhatsApp9696,API,wa96_ty_card_airtel_8047625310,read,2026-09-26 16:11:41.000,2026-09-26 16:11:47.000,2026-09-26 16:11:47.000
955401816,129233622,2026-09-26 17:11:53.000,WhatsApp9696,API,nonts_airtel_8047625310_new,read,2026-09-26 17:11:44.000,2026-09-26 17:11:46.000,2026-09-26 17:19:35.000
955648160,129233622,2026-09-26 17:44:44.000,WhatsApp9696,API,9696_airtel_8047825943_bl,read,2026-09-26 17:44:37.000,2026-09-26 17:44:39.000,2026-09-26 20:36:11.000
956202780,203498530,2026-09-26 19:26:15.000,WhatsApp8181,USER,ai_photo_hinglish_temp,delivered,2026-09-26 19:26:13.000,2026-09-26 19:26:13.000,
956203326,203498530,2026-09-26 19:26:21.000,WhatsApp8181,API,,read,2026-09-26 19:26:17.000,2026-09-26 19:26:17.000,2026-09-26 19:26:17.000
956203437,203498530,2026-09-26 19:26:22.000,WhatsApp8181,API,,read,2026-09-26 19:26:17.000,2026-09-26 19:26:18.000,2026-09-26 19:26:18.000
956232466,203498530,2026-09-26 19:31:25.000,WhatsApp8181,API,,read,2026-09-26 19:31:19.000,2026-09-26 19:31:20.000,2026-09-26 19:36:53.000
956256691,203498530,2026-09-26 19:36:25.000,WhatsApp8181,API,,read,2026-09-26 19:36:19.000,2026-09-26 19:36:20.000,2026-09-26 19:36:53.000
956256943,203498530,2026-09-26 19:36:27.000,WhatsApp8181,API,,read,2026-09-26 19:36:20.000,2026-09-26 19:36:20.000,2026-09-26 19:36:53.000
956262641,203498530,2026-09-26 19:37:10.000,WhatsApp8181,API,8181_airtel_8047662588_astbuy2,read,2026-09-26 19:36:52.000,2026-09-26 19:37:02.000,2026-09-26 19:37:06.000
956262684,203498530,2026-09-26 19:37:10.000,WhatsApp8181,API,8181_airtel_8047625310_astbuy2,read,2026-09-26 19:36:53.000,2026-09-26 19:37:07.000,2026-09-26 19:37:07.000
956268681,203498530,2026-09-26 19:38:06.000,WhatsApp8181,API,8181_airtel_8047825943_bl,read,2026-09-26 19:37:58.000,2026-09-26 19:37:59.000,2026-09-26 21:04:32.000
956447223,129233622,2026-09-26 20:11:50.000,WhatsApp9696,API,,read,2026-09-26 20:11:42.000,2026-09-26 20:11:44.000,2026-09-26 20:36:11.000
956579818,203498530,2026-09-26 20:37:04.000,WhatsApp8181,API,wa81_trustseal_airtel_8047662588,read,2026-09-26 20:36:56.000,2026-09-26 20:36:57.000,2026-09-26 21:04:32.000
929691119,148536957,2026-09-22 12:37:21.000,WhatsApp8181,API,ai_photo_hinglish_temp,read,2026-09-22 12:37:13.000,2026-09-22 12:37:16.000,2026-09-22 13:13:37.000
957335379,129233622,2026-09-27 00:53:42.000,WhatsApp9696,API,,read,2026-09-27 00:53:36.000,2026-09-27 00:53:39.000,2026-09-27 07:02:21.000
932882952,148536957,2026-09-22 20:47:19.000,WhatsApp8181,API,ai_nudge_13_1,read,2026-09-22 20:46:14.000,2026-09-22 20:47:13.000,2026-09-22 21:25:50.000
958356663,203498530,2026-09-27 10:20:30.000,WhatsApp8181,API,8181_airtel_7942613079_astbuy2,read,2026-09-27 10:20:23.000,2026-09-27 10:20:24.000,2026-09-28 09:57:49.000
959316096,203498530,2026-09-27 13:23:13.000,WhatsApp8181,API,8181_airtel_8047817531_bl,read,2026-09-27 13:23:06.000,2026-09-27 13:23:07.000,2026-09-28 09:57:49.000
959534969,203498530,2026-09-27 14:06:47.000,WhatsApp8181,API,8181_airtel_7942616554_bl,read,2026-09-27 14:06:39.000,2026-09-27 14:06:42.000,2026-09-28 09:57:49.000
960520033,203498530,2026-09-27 17:29:16.000,WhatsApp9696,API,,failed,2026-09-27 17:29:09.000,,
963644123,203498530,2026-09-28 11:35:42.000,WhatsApp8181,API,8181_airtel_8047830324_bl,read,2026-09-28 11:35:36.000,2026-09-28 11:35:37.000,2026-09-28 11:35:56.000
963649388,203498530,2026-09-28 11:36:30.000,WhatsApp9696,USER,,delivered,2026-09-28 11:36:28.000,2026-09-28 11:36:28.000,2026-09-28 11:36:28.000
963650401,203498530,2026-09-28 11:36:38.000,WhatsApp9696,API,,read,2026-09-28 11:36:32.000,2026-09-28 11:36:32.000,2026-09-28 11:36:54.000
963650687,203498530,2026-09-28 11:36:40.000,WhatsApp9696,API,,read,2026-09-28 11:36:32.000,2026-09-28 11:36:32.000,2026-09-28 11:36:54.000
963651014,203498530,2026-09-28 11:36:43.000,WhatsApp9696,USER,,delivered,2026-09-28 11:36:41.000,2026-09-28 11:36:41.000,2026-09-28 11:36:41.000
963652386,203498530,2026-09-28 11:36:53.000,WhatsApp9696,API,,read,2026-09-28 11:36:45.000,2026-09-28 11:36:45.000,2026-09-28 11:36:54.000
963654712,203498530,2026-09-28 11:37:10.000,WhatsApp9696,USER,,delivered,2026-09-28 11:37:09.000,2026-09-28 11:37:09.000,2026-09-28 11:37:09.000
963655875,203498530,2026-09-28 11:37:18.000,WhatsApp9696,USER,,delivered,2026-09-28 11:37:17.000,2026-09-28 11:37:17.000,2026-09-28 11:37:17.000
963655960,203498530,2026-09-28 11:37:19.000,WhatsApp9696,API,,read,2026-09-28 11:37:13.000,2026-09-28 11:37:13.000,2026-09-28 11:37:34.000
963656982,203498530,2026-09-28 11:37:26.000,WhatsApp9696,API,,read,2026-09-28 11:37:20.000,2026-09-28 11:37:20.000,2026-09-28 11:37:34.000
963657338,203498530,2026-09-28 11:37:29.000,WhatsApp9696,API,,read,2026-09-28 11:37:21.000,2026-09-28 11:37:21.000,2026-09-28 11:37:34.000
963785797,203498530,2026-09-28 11:56:08.000,WhatsApp9696,API,singleseller_actual_reply_airtel_8047830324,read,2026-09-28 11:56:02.000,2026-09-28 11:56:04.000,2026-09-28 12:18:19.000
963794490,203498530,2026-09-28 11:57:18.000,WhatsApp8181,API,ai_photo_zeroisq_regional1_1,delivered,2026-09-28 11:57:10.000,2026-09-28 11:57:11.000,
963932851,203498530,2026-09-28 12:17:11.000,WhatsApp9696,API,9696_airtel_8047625383_bl,read,2026-09-28 12:17:04.000,2026-09-28 12:17:04.000,2026-09-28 12:18:19.000
963941541,203498530,2026-09-28 12:18:24.000,WhatsApp9696,USER,,delivered,2026-09-28 12:18:22.000,2026-09-28 12:18:22.000,2026-09-28 12:18:22.000
963943493,203498530,2026-09-28 12:18:40.000,WhatsApp9696,API,,read,2026-09-28 12:18:33.000,2026-09-28 12:18:32.000,2026-09-28 14:07:30.000
964076465,203498530,2026-09-28 12:37:43.000,WhatsApp9696,API,singleseller_actual_reply_airtel_8047625383,read,2026-09-28 12:37:37.000,2026-09-28 12:37:39.000,2026-09-28 14:07:30.000
965042101,203498530,2026-09-28 15:07:53.000,WhatsApp9696,API,,read,2026-09-28 15:07:45.000,2026-09-28 15:07:47.000,2026-09-28 16:50:13.000
968795084,129233622,2026-09-29 10:00:20.000,WhatsApp8181,USER,ai_photo_hinglish_temp,delivered,2026-09-29 10:00:18.000,2026-09-29 10:00:18.000,
968796212,129233622,2026-09-29 10:00:29.000,WhatsApp8181,API,,read,2026-09-29 10:00:22.000,2026-09-29 10:00:23.000,2026-09-29 10:00:23.000
968796258,129233622,2026-09-29 10:00:29.000,WhatsApp8181,API,,read,2026-09-29 10:00:22.000,2026-09-29 10:00:22.000,2026-09-29 10:00:22.000
968796961,129233622,2026-09-29 10:00:34.000,WhatsApp8181,USER,,delivered,2026-09-29 10:00:32.000,2026-09-29 10:00:32.000,
968798428,129233622,2026-09-29 10:00:45.000,WhatsApp8181,USER,,delivered,2026-09-29 10:00:43.000,2026-09-29 10:00:43.000,
968799047,129233622,2026-09-29 10:00:55.000,WhatsApp8181,API,,read,2026-09-29 10:00:36.000,2026-09-29 10:00:36.000,2026-09-29 10:00:36.000
968799451,129233622,2026-09-29 10:00:57.000,WhatsApp8181,USER,,delivered,2026-09-29 10:00:55.000,2026-09-29 10:00:55.000,
968801227,129233622,2026-09-29 10:01:11.000,WhatsApp8181,API,,read,2026-09-29 10:00:46.000,2026-09-29 10:00:47.000,2026-09-29 10:00:47.000
968801914,129233622,2026-09-29 10:01:15.000,WhatsApp8181,USER,,delivered,2026-09-29 10:01:13.000,2026-09-29 10:01:13.000,
968802748,129233622,2026-09-29 10:01:21.000,WhatsApp8181,API,,read,2026-09-29 10:01:00.000,2026-09-29 10:01:00.000,2026-09-29 10:01:00.000
968803127,129233622,2026-09-29 10:01:23.000,WhatsApp8181,API,,read,2026-09-29 10:00:59.000,2026-09-29 10:00:59.000,2026-09-29 10:00:59.000
968806505,129233622,2026-09-29 10:01:37.000,WhatsApp8181,API,,read,2026-09-29 10:01:16.000,2026-09-29 10:01:17.000,2026-09-29 10:01:17.000
968807492,129233622,2026-09-29 10:01:41.000,WhatsApp8181,USER,,delivered,2026-09-29 10:01:35.000,2026-09-29 10:01:35.000,
968810820,129233622,2026-09-29 10:01:55.000,WhatsApp8181,API,,read,2026-09-29 10:01:42.000,2026-09-29 10:01:43.000,2026-09-29 10:01:43.000
968816915,129233622,2026-09-29 10:02:23.000,WhatsApp8181,API,8181_airtel_8043835218_astbuy2,read,2026-09-29 10:02:16.000,2026-09-29 10:02:17.000,2026-09-29 10:24:30.000
968817167,129233622,2026-09-29 10:02:24.000,WhatsApp8181,API,8181_airtel_8047518488_bl,read,2026-09-29 10:02:17.000,2026-09-29 10:02:18.000,2026-09-29 10:24:30.000
968853193,129233622,2026-09-29 10:05:42.000,WhatsApp8181,API,8181_airtel_7942794500_astbuy2,read,2026-09-29 10:05:35.000,2026-09-29 10:05:37.000,2026-09-29 10:24:30.000
968854938,129233622,2026-09-29 10:05:53.000,WhatsApp8181,API,8181_airtel_7942968633_bl,read,2026-09-29 10:05:44.000,2026-09-29 10:05:47.000,2026-09-29 10:24:30.000
968867308,129233622,2026-09-29 10:07:03.000,WhatsApp8181,API,8181_airtel_8047671049_bl,read,2026-09-29 10:02:18.000,2026-09-29 10:06:56.000,2026-09-29 10:24:30.000
968870016,129233622,2026-09-29 10:07:18.000,WhatsApp8181,API,8181_airtel_8047795189_bl,read,2026-09-29 10:02:43.000,2026-09-29 10:07:12.000,2026-09-29 10:24:30.000
968872547,129233622,2026-09-29 10:07:32.000,WhatsApp9696,API,,failed,2026-09-29 10:07:24.000,,
968878679,129233622,2026-09-29 10:08:06.000,WhatsApp8181,API,8181_airtel_7942663411_bl,read,2026-09-29 10:07:59.000,2026-09-29 10:08:00.000,2026-09-29 10:24:30.000
968431970,129233622,2026-09-29 09:24:30.000,WhatsApp8181,API,ai_photo_hinglish_temp,read,2026-09-29 09:23:54.000,2026-09-29 09:24:29.000,2026-09-29 10:00:08.000
970260380,203498530,2026-09-29 13:29:43.000,WhatsApp9696,API,singleseller_actual_reply_airtel_7942613079,delivered,2026-09-29 13:29:37.000,2026-09-29 13:29:39.000,
969273997,129233622,2026-09-29 11:02:23.000,WhatsApp8181,API,wa81_nonts_airtel_8043835218,delivered,2026-09-29 11:02:14.000,2026-09-29 11:02:16.000,
971271217,148536957,2026-09-29 16:16:59.000,WhatsApp8181,API,ai_photo_hinglish_temp,read,2026-09-29 16:16:50.000,2026-09-29 16:16:50.000,2026-09-29 16:17:00.000
974251094,148536957,2026-09-30 09:39:16.000,WhatsApp8181,API,ai_nudge_13_1,read,2026-09-30 09:29:35.000,2026-09-30 09:29:39.000,2026-09-30 10:58:51.000
632260915,11574612,2026-07-01 10:45:14.000,WhatsApp9696,Agent,,read,2026-07-01 10:45:14.000,2026-07-01 10:45:15.000,2026-07-01 10:45:17.000
632261094,11574612,2026-07-01 10:45:18.000,WhatsApp9696,Agent,,read,2026-07-01 10:45:18.000,2026-07-01 10:45:19.000,2026-07-01 10:45:19.000
632272429,11574612,2026-07-01 10:49:06.000,WhatsApp9696,USER,,delivered,2026-07-01 10:49:04.000,2026-07-01 10:49:04.000,2026-07-01 10:49:04.000
817531677,64004566,2026-09-01 09:00:44.000,WhatsApp9696,API,lv_ut_test2,read,2026-09-01 09:00:36.000,2026-09-01 09:31:20.000,2026-09-18 12:12:34.000
817685310,64004566,2026-09-01 10:00:27.000,WhatsApp9696,API,production1_new_oct25,read,2026-09-01 10:00:15.000,2026-09-01 10:00:50.000,2026-09-18 12:12:34.000
823535598,64004566,2026-09-02 21:26:04.000,WhatsApp9696,API,copy_payment_invoice_2qr_aug26,read,2026-09-02 21:04:25.000,2026-09-02 21:06:56.000,2026-09-18 12:12:34.000
883460901,64004566,2026-09-14 10:16:35.000,WhatsApp8181,API,ai_photo_hinglish_temp,read,2026-09-14 10:16:28.000,2026-09-14 10:24:49.000,2026-09-17 19:23:31.000
773867316,11574612,2026-08-17 11:46:53.000,WhatsApp9696,API,copy_payment_invoice_3qr_jun26,read,2026-08-17 11:45:39.000,2026-08-17 11:45:45.000,2026-08-17 12:02:57.000
773924850,11574612,2026-08-17 12:03:24.000,WhatsApp9696,USER,,delivered,2026-08-17 12:03:23.000,2026-08-17 12:03:23.000,2026-08-17 12:03:23.000
773925702,11574612,2026-08-17 12:03:40.000,WhatsApp9696,API,,read,2026-08-17 12:03:31.000,2026-08-17 12:03:32.000,2026-08-17 12:03:32.000
773926313,11574612,2026-08-17 12:03:54.000,WhatsApp9696,API,,read,2026-08-17 12:03:41.000,2026-08-17 12:03:42.000,2026-08-17 12:03:42.000
773926387,11574612,2026-08-17 12:03:55.000,WhatsApp9696,API,,read,2026-08-17 12:03:37.000,2026-08-17 12:03:38.000,2026-08-17 12:03:38.000
773974823,11574612,2026-08-17 12:16:10.000,WhatsApp9696,API,,read,2026-08-17 12:03:33.000,2026-08-17 12:03:34.000,2026-08-17 12:03:34.000
566811843,83816210,2026-06-07 20:40:08.000,WhatsApp9696,USER,,delivered,2026-06-07 20:40:06.000,2026-06-07 20:40:06.000,2026-06-07 20:40:06.000
566812167,83816210,2026-06-07 20:40:17.000,WhatsApp9696,API,,read,2026-06-07 20:40:10.000,2026-06-07 20:40:12.000,2026-06-07 20:40:21.000
566812171,83816210,2026-06-07 20:40:17.000,WhatsApp9696,API,,read,2026-06-07 20:40:10.000,2026-06-07 20:40:12.000,2026-06-07 20:40:21.000
566813500,83816210,2026-06-07 20:40:49.000,WhatsApp9696,USER,,delivered,2026-06-07 20:40:48.000,2026-06-07 20:40:48.000,2026-06-07 20:40:48.000
566813841,83816210,2026-06-07 20:40:57.000,WhatsApp9696,API,,read,2026-06-07 20:40:50.000,2026-06-07 20:40:51.000,2026-06-07 20:40:51.000
566814344,83816210,2026-06-07 20:41:09.000,WhatsApp9696,USER,,delivered,2026-06-07 20:41:08.000,2026-06-07 20:41:08.000,2026-06-07 20:41:08.000
566814761,83816210,2026-06-07 20:41:20.000,WhatsApp9696,API,,read,2026-06-07 20:41:13.000,2026-06-07 20:41:14.000,2026-06-07 20:41:14.000
566814949,83816210,2026-06-07 20:41:24.000,WhatsApp9696,USER,,delivered,2026-06-07 20:41:23.000,2026-06-07 20:41:23.000,2026-06-07 20:41:23.000
566815345,83816210,2026-06-07 20:41:33.000,WhatsApp9696,API,,read,2026-06-07 20:41:27.000,2026-06-07 20:41:30.000,2026-06-07 20:41:30.000
566815438,83816210,2026-06-07 20:41:35.000,WhatsApp9696,USER,,delivered,2026-06-07 20:41:34.000,2026-06-07 20:41:34.000,2026-06-07 20:41:34.000
566815771,83816210,2026-06-07 20:41:44.000,WhatsApp9696,API,,read,2026-06-07 20:41:38.000,2026-06-07 20:41:49.000,2026-06-07 20:41:49.000
566820235,83816210,2026-06-07 20:43:43.000,WhatsApp9696,USER,,delivered,2026-06-07 20:43:42.000,2026-06-07 20:43:42.000,2026-06-07 20:43:42.000
566820525,83816210,2026-06-07 20:43:51.000,WhatsApp9696,API,,read,2026-06-07 20:43:44.000,2026-06-07 20:43:56.000,2026-06-07 20:43:56.000
566821314,83816210,2026-06-07 20:44:11.000,WhatsApp9696,USER,,delivered,2026-06-07 20:44:10.000,2026-06-07 20:44:10.000,2026-06-07 20:44:10.000
566821837,83816210,2026-06-07 20:44:24.000,WhatsApp9696,API,,read,2026-06-07 20:44:17.000,2026-06-07 20:44:18.000,2026-06-07 20:44:18.000
566822128,83816210,2026-06-07 20:44:33.000,WhatsApp9696,API,,read,2026-06-07 20:44:27.000,2026-06-07 20:44:29.000,2026-06-07 20:45:09.000
566822151,83816210,2026-06-07 20:44:34.000,WhatsApp9696,API,,read,2026-06-07 20:44:27.000,2026-06-07 20:44:29.000,2026-06-07 20:45:09.000
566826311,83816210,2026-06-07 20:46:17.000,WhatsApp9696,USER,,delivered,2026-06-07 20:46:15.000,2026-06-07 20:46:15.000,2026-06-07 20:46:15.000
566826662,83816210,2026-06-07 20:46:25.000,WhatsApp9696,API,,read,2026-06-07 20:46:18.000,2026-06-07 20:46:18.000,2026-06-07 20:46:34.000
566826689,83816210,2026-06-07 20:46:25.000,WhatsApp9696,API,,read,2026-06-07 20:46:19.000,2026-06-07 20:46:19.000,2026-06-07 20:46:34.000
566827532,83816210,2026-06-07 20:46:47.000,WhatsApp9696,USER,,delivered,2026-06-07 20:46:46.000,2026-06-07 20:46:46.000,2026-06-07 20:46:46.000
566827829,83816210,2026-06-07 20:46:54.000,WhatsApp9696,API,,read,2026-06-07 20:46:48.000,2026-06-07 20:46:54.000,2026-06-07 20:46:54.000
566828333,83816210,2026-06-07 20:47:09.000,WhatsApp9696,USER,,delivered,2026-06-07 20:47:08.000,2026-06-07 20:47:08.000,2026-06-07 20:47:08.000
566828734,83816210,2026-06-07 20:47:19.000,WhatsApp9696,API,,read,2026-06-07 20:47:12.000,2026-06-07 20:47:13.000,2026-06-07 20:47:13.000
566829738,83816210,2026-06-07 20:47:46.000,WhatsApp9696,USER,,delivered,2026-06-07 20:47:44.000,2026-06-07 20:47:44.000,2026-06-07 20:47:44.000
566830139,83816210,2026-06-07 20:47:58.000,WhatsApp9696,API,,read,2026-06-07 20:47:51.000,2026-06-07 20:47:52.000,2026-06-07 20:47:52.000
566939503,83816210,2026-06-07 21:35:29.000,WhatsApp9696,API,,read,2026-06-07 21:35:20.000,2026-06-07 21:35:23.000,2026-06-07 21:36:58.000
422413893,78653648,2026-04-08 17:15:43.000,WhatsApp9696,API,,DELIVERED,2026-04-08 17:15:37.000,2026-04-08 17:15:38.000,
422414221,78653648,2026-04-08 17:15:51.000,WhatsApp9696,API,,DELIVERED,2026-04-08 17:15:45.000,2026-04-08 17:15:46.000,
422415054,78653648,2026-04-08 17:16:09.000,WhatsApp9696,API,,DELIVERED,2026-04-08 17:16:03.000,2026-04-08 17:16:04.000,
422417300,78653648,2026-04-08 17:16:55.000,WhatsApp9696,API,,DELIVERED,2026-04-08 17:16:49.000,2026-04-08 17:16:50.000,
422417411,78653648,2026-04-08 17:16:57.000,WhatsApp9696,API,,DELIVERED,2026-04-08 17:16:47.000,2026-04-08 17:16:47.000,
567330834,83816210,2026-06-08 01:54:14.000,WhatsApp9696,API,,read,2026-06-07 20:47:50.000,2026-06-07 20:47:50.000,2026-06-07 20:47:50.000
567751892,83816210,2026-06-08 10:32:06.000,WhatsApp9696,API,,read,2026-06-08 10:32:00.000,2026-06-08 10:32:00.000,2026-06-08 12:15:42.000
568143904,83816210,2026-06-08 12:29:04.000,WhatsApp9696,API,,read,2026-06-08 12:28:57.000,2026-06-08 12:28:58.000,2026-06-13 12:46:28.000
902904106,11574612,2026-09-17 17:00:49.000,WhatsApp9696,API,paid_seller_feedback_sep25_1,read,2026-09-17 17:00:37.000,2026-09-17 17:00:42.000,2026-09-17 17:33:45.000
675948714,11574612,2026-07-16 17:22:04.000,WhatsApp9696,API,,read,2026-07-16 17:21:57.000,2026-07-16 17:22:00.000,2026-07-16 18:24:50.000
903177175,11574612,2026-09-17 17:34:00.000,WhatsApp9696,USER,,delivered,2026-09-17 17:33:58.000,2026-09-17 17:33:58.000,2026-09-17 17:33:58.000
903178209,11574612,2026-09-17 17:34:11.000,WhatsApp9696,API,mfb_sat_test4,read,2026-09-17 17:34:03.000,2026-09-17 17:34:04.000,2026-09-17 20:43:58.000
903193781,11574612,2026-09-17 17:36:42.000,WhatsApp8181,API,ai_photo_hinglish_temp,read,2026-09-17 17:36:36.000,2026-09-17 17:36:37.000,2026-09-17 20:43:49.000
739022007,11574612,2026-08-06 12:00:22.000,WhatsApp9696,API,paid_seller_feedback_sep25_1,read,2026-08-06 12:00:15.000,2026-08-06 12:00:17.000,2026-08-06 13:04:33.000
739310296,11574612,2026-08-06 13:04:44.000,WhatsApp9696,USER,,delivered,2026-08-06 13:04:42.000,2026-08-06 13:04:42.000,2026-08-06 13:04:42.000
739311058,11574612,2026-08-06 13:04:54.000,WhatsApp9696,API,mfb_sat_test4,read,2026-08-06 13:04:47.000,2026-08-06 13:04:48.000,2026-08-06 13:06:37.000
740262459,125787358,2026-08-06 17:15:18.000,WhatsApp9696,USER,,delivered,2026-08-06 17:15:16.000,2026-08-06 17:15:16.000,2026-08-06 17:15:16.000
740263048,125787358,2026-08-06 17:15:26.000,WhatsApp9696,API,,read,2026-08-06 17:15:20.000,2026-08-06 17:15:20.000,2026-08-06 17:15:20.000
740263062,125787358,2026-08-06 17:15:26.000,WhatsApp9696,API,,read,2026-08-06 17:15:21.000,2026-08-06 17:15:21.000,2026-08-06 17:15:21.000
740280993,125787358,2026-08-06 17:20:27.000,WhatsApp9696,API,,read,2026-08-06 17:20:21.000,2026-08-06 17:20:22.000,2026-08-06 17:25:44.000
740298941,125787358,2026-08-06 17:25:28.000,WhatsApp9696,API,,read,2026-08-06 17:25:22.000,2026-08-06 17:25:23.000,2026-08-06 17:25:44.000
740299222,125787358,2026-08-06 17:25:33.000,WhatsApp9696,API,airtel_var8_8047662588_new,read,2026-08-06 17:25:27.000,2026-08-06 17:25:28.000,2026-08-06 17:25:44.000
740299575,125787358,2026-08-06 17:25:40.000,WhatsApp9696,API,8047825943_airtel_astbuy12,read,2026-08-06 17:25:33.000,2026-08-06 17:25:34.000,2026-08-06 17:25:44.000
740299599,125787358,2026-08-06 17:25:40.000,WhatsApp9696,API,8047625310_airtel_astbuy12,read,2026-08-06 17:25:34.000,2026-08-06 17:25:35.000,2026-08-06 17:25:44.000
740514588,125787358,2026-08-06 18:25:31.000,WhatsApp9696,API,nonts_airtel_8047662588_new,read,2026-08-06 18:25:25.000,2026-08-06 18:25:27.000,2026-08-06 19:04:54.000
740520897,125787358,2026-08-06 18:27:16.000,WhatsApp9696,API,8047817531_airtel_astbuy12,failed,2026-08-06 18:27:09.000,,
740522278,125787358,2026-08-06 18:27:40.000,WhatsApp9696,API,7942613079_airtel_astbuy12,failed,2026-08-06 18:27:34.000,,
740526964,125787358,2026-08-06 18:29:00.000,WhatsApp9696,API,8047830324_airtel_astbuy10,read,2026-08-06 18:28:54.000,2026-08-06 18:28:56.000,2026-08-06 19:04:54.000
845840233,64004566,2026-09-07 20:07:43.000,WhatsApp8181,API,ai_photo_hinglish_temp,read,2026-09-07 12:06:35.000,2026-09-07 12:06:36.000,2026-09-07 12:47:04.000
845974816,64004566,2026-09-07 20:17:01.000,WhatsApp8181,API,ai_nudge_13_1,read,2026-09-01 10:04:03.000,2026-09-01 10:04:42.000,2026-09-07 12:47:04.000
905383170,11574612,2026-09-18 08:39:07.000,WhatsApp9696,API,copy_payment_invoice_2qr_aug26,read,2026-09-18 08:38:53.000,2026-09-18 08:39:00.000,2026-09-18 08:49:05.000
905773947,11574612,2026-09-18 09:38:42.000,WhatsApp8181,API,ai_nudge_13_1,read,2026-09-18 09:30:03.000,2026-09-18 09:38:36.000,2026-09-18 09:54:22.000
742329980,125787358,2026-08-07 11:28:02.000,WhatsApp9696,API,8047625383_airtel_astbuy10,read,2026-08-07 11:21:37.000,2026-08-07 11:21:41.000,2026-08-07 13:42:36.000
906791239,64004566,2026-09-18 11:57:43.000,WhatsApp9696,API,production_template_test1_jun25,read,2026-09-18 11:57:33.000,2026-09-18 11:57:37.000,2026-09-18 12:12:34.000
906910620,64004566,2026-09-18 12:14:52.000,WhatsApp9696,USER,,delivered,2026-09-18 12:14:51.000,2026-09-18 12:14:51.000,2026-09-18 12:14:51.000
906911444,64004566,2026-09-18 12:15:02.000,WhatsApp9696,API,,read,2026-09-18 12:14:58.000,2026-09-18 12:14:59.000,2026-09-18 12:14:59.000
906913631,64004566,2026-09-18 12:15:22.000,WhatsApp9696,USER,,delivered,2026-09-18 12:15:20.000,2026-09-18 12:15:20.000,2026-09-18 12:15:20.000
906913709,64004566,2026-09-18 12:15:23.000,WhatsApp9696,API,,read,2026-09-18 12:15:23.000,2026-09-18 12:15:23.000,2026-09-18 12:15:23.000
742897608,125787358,2026-08-07 13:42:23.000,WhatsApp9696,API,8047551393_airtel_astbuy10,read,2026-08-07 13:42:17.000,2026-08-07 13:42:20.000,2026-08-07 13:42:36.000
847445122,64004566,2026-09-07 21:59:08.000,WhatsApp8181,API,ai_nudge_13_1,read,2026-09-07 20:17:16.000,2026-09-07 20:17:28.000,2026-09-07 23:05:04.000
743187425,125787358,2026-08-07 14:52:56.000,WhatsApp9696,API,8043832588_airtel_astbuy10,read,2026-08-07 14:52:50.000,2026-08-07 14:52:50.000,2026-08-07 15:31:46.000
908254143,78653648,2026-09-18 15:51:12.000,WhatsApp9696,API,8047662588_airtel_astbuy18,read,2026-09-18 15:51:06.000,2026-09-18 15:51:09.000,2026-09-18 17:32:18.000
908254329,78653648,2026-09-18 15:51:14.000,WhatsApp9696,API,7942616554_airtel_astbuy18,read,2026-09-18 15:51:07.000,2026-09-18 15:51:09.000,2026-09-18 17:32:18.000
848598816,125787358,2026-09-08 09:04:49.000,WhatsApp8181,USER,,delivered,2026-09-08 09:04:47.000,2026-09-08 09:04:47.000,
848599029,125787358,2026-09-08 09:04:51.000,WhatsApp8181,API,ai_photo_hinglish_temp,read,2026-09-08 09:04:42.000,2026-09-08 09:04:45.000,2026-09-08 09:04:59.000
848601026,125787358,2026-09-08 09:05:06.000,WhatsApp8181,USER,ai_photo_hinglish_temp,delivered,2026-09-08 09:05:04.000,2026-09-08 09:05:04.000,
848601857,125787358,2026-09-08 09:05:12.000,WhatsApp8181,API,,read,2026-09-08 09:05:07.000,2026-09-08 09:05:07.000,2026-09-08 09:05:07.000
908265944,78653648,2026-09-18 15:52:56.000,WhatsApp9696,API,7942625041_airtel_astbuy18,read,2026-09-18 15:52:48.000,2026-09-18 15:52:49.000,2026-09-18 17:32:18.000
908895139,78653648,2026-09-18 17:29:57.000,WhatsApp9696,API,7942545532_airtel_astbuy10,read,2026-09-18 17:29:49.000,2026-09-18 17:29:52.000,2026-09-18 17:32:18.000
910099642,78653648,2026-09-18 21:17:35.000,WhatsApp9696,API,,failed,2026-09-18 21:17:25.000,,
598449796,11574612,2026-06-18 17:36:16.000,WhatsApp9696,API,,read,2026-06-18 17:36:11.000,2026-06-18 17:36:13.000,2026-06-18 17:43:12.000
598473881,11574612,2026-06-18 17:43:44.000,WhatsApp9696,USER,,delivered,2026-06-18 17:43:42.000,2026-06-18 17:43:42.000,2026-06-18 17:43:42.000
598474341,11574612,2026-06-18 17:43:53.000,WhatsApp9696,API,,read,2026-06-18 17:43:47.000,2026-06-18 17:43:48.000,2026-06-18 17:43:48.000
747208656,125787358,2026-08-08 18:02:46.000,WhatsApp9696,API,7942616554_airtel_astbuy10,read,2026-08-08 18:02:33.000,2026-08-08 18:02:39.000,2026-08-08 19:55:56.000
855624063,64004566,2026-09-09 10:46:42.000,WhatsApp8181,API,ai_photo_hinglish_temp,read,2026-09-09 10:46:33.000,2026-09-09 11:20:29.000,2026-09-17 19:23:31.000
910644935,78653648,2026-09-19 00:36:23.000,WhatsApp9696,API,,failed,2026-09-19 00:36:15.000,,
599827466,11574612,2026-06-19 09:00:30.000,WhatsApp9696,API,,read,2026-06-19 09:00:23.000,2026-06-19 09:00:27.000,2026-06-19 11:23:07.000
600201898,11574612,2026-06-19 11:23:16.000,WhatsApp9696,USER,,delivered,2026-06-19 11:23:15.000,2026-06-19 11:23:15.000,2026-06-19 11:23:15.000
600202425,11574612,2026-06-19 11:23:25.000,WhatsApp9696,API,,read,2026-06-19 11:23:19.000,2026-06-19 11:23:20.000,2026-06-19 11:23:20.000
601375601,11574612,2026-06-19 17:36:32.000,WhatsApp9696,USER,,delivered,2026-06-19 17:36:30.000,2026-06-19 17:36:30.000,2026-06-19 17:36:30.000
601376072,11574612,2026-06-19 17:36:41.000,WhatsApp9696,API,,read,2026-06-19 17:36:35.000,2026-06-19 17:36:35.000,2026-06-19 17:36:35.000
601377395,11574612,2026-06-19 17:37:06.000,WhatsApp9696,USER,,delivered,2026-06-19 17:37:05.000,2026-06-19 17:37:05.000,2026-06-19 17:37:05.000
601377806,11574612,2026-06-19 17:37:14.000,WhatsApp9696,API,,read,2026-06-19 17:37:08.000,2026-06-19 17:37:08.000,2026-06-19 17:37:08.000
601377857,11574612,2026-06-19 17:37:15.000,WhatsApp9696,API,,read,2026-06-19 17:37:09.000,2026-06-19 17:37:10.000,2026-06-19 17:37:10.000
601378975,11574612,2026-06-19 17:37:38.000,WhatsApp9696,USER,,delivered,2026-06-19 17:37:37.000,2026-06-19 17:37:37.000,2026-06-19 17:37:37.000
601397240,11574612,2026-06-19 17:44:01.000,WhatsApp9696,Agent,,read,2026-06-19 17:44:02.000,2026-06-19 17:44:03.000,2026-06-19 18:32:57.000
601397796,11574612,2026-06-19 17:44:11.000,WhatsApp9696,Agent,,read,2026-06-19 17:44:12.000,2026-06-19 17:44:13.000,2026-06-19 18:32:57.000
601399325,11574612,2026-06-19 17:44:42.000,WhatsApp9696,Agent,,read,2026-06-19 17:44:44.000,2026-06-19 17:44:45.000,2026-06-19 18:32:57.000
601399497,11574612,2026-06-19 17:44:46.000,WhatsApp9696,Agent,,read,2026-06-19 17:44:47.000,2026-06-19 17:44:47.000,2026-06-19 18:32:57.000
912469475,78653648,2026-09-19 12:04:54.000,WhatsApp9696,API,7942616886_airtel_astbuy18,delivered,2026-09-19 12:04:40.000,2026-09-19 12:04:47.000,
912544648,78653648,2026-09-19 12:16:22.000,WhatsApp9696,API,8045910752_airtel_astbuy18,delivered,2026-09-19 12:16:07.000,2026-09-19 12:16:14.000,
913000070,64004566,2026-09-19 13:26:39.000,WhatsApp9696,API,production_template_test1_jun25,read,2026-09-19 13:26:30.000,2026-09-19 13:26:32.000,2026-09-21 11:53:18.000
862323547,70382549,2026-09-10 12:37:19.000,WhatsApp8181,API,ai_photo_hinglish_temp,read,2026-09-10 12:36:48.000,2026-09-10 12:37:11.000,2026-09-10 13:18:38.000
865380349,70382549,2026-09-10 20:47:20.000,WhatsApp8181,API,ai_nudge_13_1,read,2026-09-10 20:47:12.000,2026-09-10 20:47:15.000,2026-09-29 10:40:50.000
606242354,11574612,2026-06-21 14:44:05.000,WhatsApp9696,API,,read,2026-06-21 14:43:59.000,2026-06-21 14:43:59.000,2026-06-21 14:46:28.000
611944870,11574612,2026-06-23 16:31:01.000,WhatsApp9696,API,,read,2026-06-23 16:30:55.000,2026-06-23 16:30:55.000,2026-06-23 16:30:55.000
954748744,70382549,2026-09-26 15:16:41.000,WhatsApp8181,API,ai_photo_hinglish_temp,read,2026-09-26 15:16:32.000,2026-09-26 15:16:34.000,2026-09-29 10:40:50.000
954968575,11574612,2026-09-26 15:56:31.000,WhatsApp8181,API,ai_photo_hinglish_temp,read,2026-09-26 15:56:17.000,2026-09-26 15:56:24.000,2026-09-26 16:09:35.000
925297607,11574612,2026-09-21 17:11:55.000,WhatsApp8181,API,ai_photo_hinglish_temp,read,2026-09-21 17:11:47.000,2026-09-21 17:11:49.000,2026-09-21 17:52:16.000
611941717,11574612,2026-06-23 16:30:05.000,WhatsApp9696,USER,,delivered,2026-06-23 16:30:02.000,2026-06-23 16:30:02.000,2026-06-23 16:30:02.000
928314066,11574612,2026-09-22 09:41:48.000,WhatsApp8181,API,ai_nudge_13_1,read,2026-09-22 09:41:40.000,2026-09-22 09:41:43.000,2026-09-22 10:31:01.000
958045161,11574612,2026-09-27 09:39:34.000,WhatsApp8181,API,ai_nudge_13_1,read,2026-09-27 09:27:44.000,2026-09-27 09:39:29.000,2026-09-27 09:39:34.000
958109142,70382549,2026-09-27 09:47:04.000,WhatsApp8181,API,ai_nudge_13_1,read,2026-09-27 09:25:38.000,2026-09-27 09:46:59.000,2026-09-29 10:40:50.000
942507792,269199949,2026-09-24 13:22:56.000,WhatsApp8181,API,ai_photo_english_temp3,failed,2026-09-24 13:22:45.000,,
942509384,269199949,2026-09-24 13:23:07.000,WhatsApp8181,API,ai_pns_cancel2_1,failed,2026-09-24 13:22:57.000,,
630369750,11574612,2026-06-30 15:20:25.000,WhatsApp9696,USER,,delivered,2026-06-30 15:20:22.000,2026-06-30 15:20:22.000,2026-06-30 15:20:22.000
630369827,11574612,2026-06-30 15:20:26.000,WhatsApp9696,USER,,delivered,2026-06-30 15:20:23.000,2026-06-30 15:20:23.000,2026-06-30 15:20:23.000
630369864,11574612,2026-06-30 15:20:26.000,WhatsApp9696,USER,,delivered,2026-06-30 15:20:23.000,2026-06-30 15:20:23.000,2026-06-30 15:20:23.000
630370284,11574612,2026-06-30 15:20:35.000,WhatsApp9696,API,,read,2026-06-30 15:20:29.000,2026-06-30 15:20:29.000,2026-06-30 15:20:29.000
630372612,11574612,2026-06-30 15:21:18.000,WhatsApp9696,USER,,delivered,2026-06-30 15:21:17.000,2026-06-30 15:21:17.000,2026-06-30 15:21:17.000
630372785,11574612,2026-06-30 15:21:21.000,WhatsApp9696,USER,,delivered,2026-06-30 15:21:18.000,2026-06-30 15:21:18.000,2026-06-30 15:21:18.000
946942824,269199949,2026-09-25 09:50:21.000,WhatsApp8181,API,ai_nudge_13_1,failed,2026-09-25 09:21:21.000,,
611942253,11574612,2026-06-23 16:30:18.000,WhatsApp9696,API,,read,2026-06-23 16:30:12.000,2026-06-23 16:30:12.000,2026-06-23 16:30:12.000
611944238,11574612,2026-06-23 16:30:52.000,WhatsApp9696,USER,,delivered,2026-06-23 16:30:50.000,2026-06-23 16:30:50.000,2026-06-23 16:30:50.000
611944948,11574612,2026-06-23 16:31:02.000,WhatsApp9696,API,,read,2026-06-23 16:30:56.000,2026-06-23 16:30:56.000,2026-06-23 16:30:56.000
965308782,70382549,2026-09-28 15:51:42.000,WhatsApp8181,API,ai_photo_hinglish_temp,read,2026-09-28 15:51:34.000,2026-09-28 15:51:36.000,2026-09-29 10:40:50.000
968723602,70382549,2026-09-29 09:53:27.000,WhatsApp8181,API,ai_nudge_13_1,read,2026-09-29 09:53:19.000,2026-09-29 09:53:21.000,2026-09-29 10:40:50.000
600201682,11574612,2026-06-19 11:23:12.000,WhatsApp9696,USER,,delivered,2026-06-19 11:23:11.000,2026-06-19 11:23:11.000,2026-06-19 11:23:11.000
600202708,11574612,2026-06-19 11:23:30.000,WhatsApp9696,API,,read,2026-06-19 11:23:24.000,2026-06-19 11:23:24.000,2026-06-19 11:23:24.000
630369473,11574612,2026-06-30 15:20:21.000,WhatsApp9696,USER,,delivered,2026-06-30 15:20:19.000,2026-06-30 15:20:19.000,2026-06-30 15:20:19.000
630369724,11574612,2026-06-30 15:20:24.000,WhatsApp9696,USER,,delivered,2026-06-30 15:20:22.000,2026-06-30 15:20:22.000,2026-06-30 15:20:22.000
630369809,11574612,2026-06-30 15:20:25.000,WhatsApp9696,USER,,delivered,2026-06-30 15:20:22.000,2026-06-30 15:20:22.000,2026-06-30 15:20:22.000
630369837,11574612,2026-06-30 15:20:26.000,WhatsApp9696,USER,,delivered,2026-06-30 15:20:23.000,2026-06-30 15:20:23.000,2026-06-30 15:20:23.000
630372811,11574612,2026-06-30 15:21:21.000,WhatsApp9696,USER,,delivered,2026-06-30 15:21:18.000,2026-06-30 15:21:18.000,2026-06-30 15:21:18.000
601376013,11574612,2026-06-19 17:36:40.000,WhatsApp9696,API,,read,2026-06-19 17:36:34.000,2026-06-19 17:36:34.000,2026-06-19 17:36:34.000
601379012,11574612,2026-06-19 17:37:39.000,WhatsApp9696,API,,read,2026-06-19 17:37:40.000,2026-06-19 17:37:40.000,2026-06-19 17:37:40.000
550737239,43232668,2026-06-01 12:25:03.000,WhatsApp9696,API,,delivered,2026-06-01 12:24:57.000,2026-06-01 12:24:58.000,
550737252,43232668,2026-06-01 12:25:04.000,WhatsApp9696,API,,delivered,2026-06-01 12:24:58.000,2026-06-01 12:24:59.000,
550737276,43232668,2026-06-01 12:25:04.000,WhatsApp9696,API,,delivered,2026-06-01 12:24:58.000,2026-06-01 12:24:58.000,
550737386,43232668,2026-06-01 12:25:07.000,WhatsApp9696,API,,delivered,2026-06-01 12:25:01.000,2026-06-01 12:25:01.000,
550737545,43232668,2026-06-01 12:25:11.000,WhatsApp9696,API,,delivered,2026-06-01 12:25:06.000,2026-06-01 12:25:06.000,
550739575,43232668,2026-06-01 12:25:57.000,WhatsApp9696,API,,delivered,2026-06-01 12:25:51.000,2026-06-01 12:25:51.000,
550753056,43232668,2026-06-01 12:30:34.000,WhatsApp9696,API,,delivered,2026-06-01 12:30:28.000,2026-06-01 12:30:28.000,
817685122,79859904,2026-09-01 10:00:25.000,WhatsApp9696,API,production1_new_oct25,read,2026-09-01 10:00:14.000,2026-09-01 10:00:18.000,2026-09-01 10:02:32.000
817692347,79859904,2026-09-01 10:02:45.000,WhatsApp9696,USER,,delivered,2026-09-01 10:02:44.000,2026-09-01 10:02:44.000,2026-09-01 10:02:44.000
817692927,79859904,2026-09-01 10:02:56.000,WhatsApp9696,API,production_2,read,2026-09-01 10:02:48.000,2026-09-01 10:02:50.000,2026-09-01 10:02:50.000
817693348,79859904,2026-09-01 10:03:03.000,WhatsApp9696,USER,,delivered,2026-09-01 10:03:02.000,2026-09-01 10:03:02.000,2026-09-01 10:03:02.000
817693937,79859904,2026-09-01 10:03:15.000,WhatsApp9696,API,production_11,read,2026-09-01 10:03:04.000,2026-09-01 10:03:09.000,2026-09-01 10:03:09.000
630003361,79859904,2026-06-30 13:23:06.000,WhatsApp9696,API,,read,2026-06-30 13:22:59.000,2026-06-30 13:23:00.000,2026-06-30 13:23:12.000
878567265,94579284,2026-09-13 10:23:33.000,WhatsApp9696,API,7942613079_airtel_oncall1,read,2026-09-13 10:23:25.000,2026-09-13 10:23:28.000,2026-09-13 10:40:26.000
405752276,79859904,2026-04-01 22:17:54.000,WhatsApp9696,USER,,DELIVERED,2026-04-01 22:17:52.000,2026-04-01 22:17:52.000,
405752766,79859904,2026-04-01 22:18:06.000,WhatsApp9696,API,,DELIVERED,2026-04-01 22:17:55.000,2026-04-01 22:17:56.000,2026-04-01 22:18:00.000
405763677,79859904,2026-04-01 22:23:02.000,WhatsApp9696,API,,READ,2026-04-01 22:22:56.000,2026-04-01 22:22:56.000,2026-04-01 22:22:58.000
405774506,79859904,2026-04-01 22:28:03.000,WhatsApp9696,API,,READ,2026-04-01 22:27:57.000,2026-04-01 22:27:58.000,2026-04-01 22:28:44.000
405774713,79859904,2026-04-01 22:28:10.000,WhatsApp9696,API,,READ,2026-04-01 22:28:04.000,2026-04-01 22:28:04.000,2026-04-01 22:28:44.000
405774853,79859904,2026-04-01 22:28:14.000,WhatsApp9696,API,,READ,2026-04-01 22:28:07.000,2026-04-01 22:28:08.000,2026-04-01 22:28:44.000
405774877,79859904,2026-04-01 22:28:15.000,WhatsApp9696,API,,READ,2026-04-01 22:28:08.000,2026-04-01 22:28:08.000,2026-04-01 22:28:44.000
405885789,79859904,2026-04-01 23:28:04.000,WhatsApp9696,API,,READ,2026-04-01 23:27:58.000,2026-04-01 23:28:00.000,2026-04-02 02:40:12.000
820926289,79859904,2026-09-02 09:00:15.000,WhatsApp9696,API,lv_ut_test2,read,2026-09-02 09:00:08.000,2026-09-02 09:00:09.000,2026-09-02 09:06:06.000
820939748,79859904,2026-09-02 09:06:13.000,WhatsApp9696,USER,,delivered,2026-09-02 09:06:12.000,2026-09-02 09:06:12.000,2026-09-02 09:06:12.000
822513307,79859904,2026-09-02 16:01:47.000,WhatsApp9696,USER,,delivered,2026-09-02 16:01:45.000,2026-09-02 16:01:45.000,2026-09-02 16:01:45.000
822513680,79859904,2026-09-02 16:01:53.000,WhatsApp9696,API,,read,2026-09-02 16:01:49.000,2026-09-02 16:01:48.000,2026-09-02 16:01:48.000
822513741,79859904,2026-09-02 16:01:53.000,WhatsApp9696,API,,read,2026-09-02 16:01:49.000,2026-09-02 16:01:49.000,2026-09-02 16:01:49.000
822514375,79859904,2026-09-02 16:02:02.000,WhatsApp9696,Agent,,read,2026-09-02 16:02:02.000,2026-09-02 16:02:03.000,2026-09-02 16:02:03.000
822515080,79859904,2026-09-02 16:02:12.000,WhatsApp9696,Agent,,read,2026-09-02 16:02:13.000,2026-09-02 16:02:13.000,2026-09-02 16:02:13.000
822517151,79859904,2026-09-02 16:02:46.000,WhatsApp9696,Agent,,read,2026-09-02 16:02:46.000,2026-09-02 16:02:46.000,2026-09-02 16:02:46.000
822908585,43232668,2026-09-02 17:58:21.000,WhatsApp9696,API,7942613079_airtel_astbuy10,delivered,2026-09-02 17:38:53.000,2026-09-02 17:38:58.000,
881657308,94579284,2026-09-13 20:32:31.000,WhatsApp9696,API,,failed,2026-09-13 20:32:24.000,,
881657787,94579284,2026-09-13 20:32:37.000,WhatsApp9696,API,,failed,2026-09-13 20:32:28.000,,
881682928,94579284,2026-09-13 20:37:22.000,WhatsApp9696,API,,failed,2026-09-13 20:37:14.000,,
881693705,94579284,2026-09-13 20:39:30.000,WhatsApp9696,API,,failed,2026-09-13 20:39:21.000,,
881701779,94579284,2026-09-13 20:41:09.000,WhatsApp9696,API,,failed,2026-09-13 20:41:01.000,,
881719361,94579284,2026-09-13 20:44:42.000,WhatsApp9696,API,,failed,2026-09-13 20:44:32.000,,
881738027,94579284,2026-09-13 20:47:55.000,WhatsApp9696,API,,failed,2026-09-13 20:47:47.000,,
881755705,94579284,2026-09-13 20:51:42.000,WhatsApp9696,API,,failed,2026-09-13 20:51:34.000,,
881762238,94579284,2026-09-13 20:52:54.000,WhatsApp9696,API,,failed,2026-09-13 20:52:44.000,,
823158079,43232668,2026-09-02 19:03:42.000,WhatsApp9696,API,8047662588_airtel_astbuy10,delivered,2026-09-02 19:03:35.000,2026-09-02 19:03:35.000,
823174636,43232668,2026-09-02 19:08:44.000,WhatsApp9696,API,,failed,2026-09-02 19:08:34.000,,
882259020,94579284,2026-09-13 23:20:24.000,WhatsApp9696,API,,failed,2026-09-13 23:20:15.000,,
882539776,94579284,2026-09-14 02:58:34.000,WhatsApp9696,API,,failed,2026-09-14 02:58:24.000,,
882556019,94579284,2026-09-14 03:38:22.000,WhatsApp9696,API,,failed,2026-09-14 03:38:14.000,,
882577496,94579284,2026-09-14 04:32:45.000,WhatsApp9696,API,,failed,2026-09-14 04:32:38.000,,
824340744,43232668,2026-09-03 07:57:58.000,WhatsApp9696,API,,failed,2026-09-03 07:57:48.000,,
824805558,79859904,2026-09-03 10:56:48.000,WhatsApp9696,API,copy_payment_invoice_2qr_aug26,read,2026-09-03 10:56:39.000,2026-09-03 10:56:42.000,2026-09-03 10:56:42.000
824813136,79859904,2026-09-03 10:58:40.000,WhatsApp9696,USER,,delivered,2026-09-03 10:58:37.000,2026-09-03 10:58:37.000,2026-09-03 10:58:37.000
824813210,79859904,2026-09-03 10:58:41.000,WhatsApp9696,USER,,delivered,2026-09-03 10:58:37.000,2026-09-03 10:58:37.000,2026-09-03 10:58:37.000
824813247,79859904,2026-09-03 10:58:41.000,WhatsApp9696,USER,,delivered,2026-09-03 10:58:38.000,2026-09-03 10:58:38.000,2026-09-03 10:58:38.000
824813273,79859904,2026-09-03 10:58:42.000,WhatsApp9696,USER,,delivered,2026-09-03 10:58:38.000,2026-09-03 10:58:38.000,2026-09-03 10:58:38.000
824813279,79859904,2026-09-03 10:58:42.000,WhatsApp9696,USER,,delivered,2026-09-03 10:58:38.000,2026-09-03 10:58:38.000,2026-09-03 10:58:38.000
824814111,79859904,2026-09-03 10:58:54.000,WhatsApp9696,API,,read,2026-09-03 10:58:45.000,2026-09-03 10:58:46.000,2026-09-03 10:59:09.000
824816212,79859904,2026-09-03 10:59:22.000,WhatsApp9696,USER,,delivered,2026-09-03 10:59:21.000,2026-09-03 10:59:21.000,2026-09-03 10:59:21.000
824817151,79859904,2026-09-03 10:59:37.000,WhatsApp9696,API,,read,2026-09-03 10:59:30.000,2026-09-03 10:59:30.000,2026-09-03 10:59:32.000
824818459,79859904,2026-09-03 10:59:57.000,WhatsApp9696,USER,,delivered,2026-09-03 10:59:56.000,2026-09-03 10:59:56.000,2026-09-03 10:59:56.000
824837493,79859904,2026-09-03 11:05:02.000,WhatsApp9696,USER,,delivered,2026-09-03 11:05:00.000,2026-09-03 11:05:00.000,2026-09-03 11:05:00.000
824837768,79859904,2026-09-03 11:05:06.000,WhatsApp9696,USER,,delivered,2026-09-03 11:05:00.000,2026-09-03 11:05:00.000,
824837799,79859904,2026-09-03 11:05:05.000,WhatsApp9696,USER,,delivered,2026-09-03 11:05:01.000,2026-09-03 11:05:01.000,2026-09-03 11:05:01.000
824837846,79859904,2026-09-03 11:05:07.000,WhatsApp9696,USER,,delivered,2026-09-03 11:05:01.000,2026-09-03 11:05:01.000,
824838285,79859904,2026-09-03 11:05:14.000,WhatsApp9696,USER,,delivered,2026-09-03 11:05:01.000,2026-09-03 11:05:01.000,
824849526,79859904,2026-09-03 11:08:18.000,WhatsApp9696,USER,,delivered,2026-09-03 11:08:15.000,2026-09-03 11:08:15.000,2026-09-03 11:08:15.000
824849561,79859904,2026-09-03 11:08:19.000,WhatsApp9696,USER,,delivered,2026-09-03 11:08:15.000,2026-09-03 11:08:15.000,2026-09-03 11:08:15.000
824849570,79859904,2026-09-03 11:08:19.000,WhatsApp9696,USER,,delivered,2026-09-03 11:08:16.000,2026-09-03 11:08:16.000,2026-09-03 11:08:16.000
824849630,79859904,2026-09-03 11:08:21.000,WhatsApp9696,USER,,delivered,2026-09-03 11:08:16.000,2026-09-03 11:08:16.000,2026-09-03 11:08:16.000
824849655,79859904,2026-09-03 11:08:21.000,WhatsApp9696,USER,,delivered,2026-09-03 11:08:16.000,2026-09-03 11:08:16.000,2026-09-03 11:08:16.000
772049249,94579284,2026-08-16 17:43:52.000,WhatsApp9696,API,8047625310_airtel_astbuy10,read,2026-08-16 17:43:45.000,2026-08-16 17:43:47.000,2026-08-16 17:43:54.000
772089922,94579284,2026-08-16 17:59:20.000,WhatsApp9696,API,7942545532_airtel_astbuy10,read,2026-08-16 17:59:13.000,2026-08-16 17:59:15.000,2026-08-16 20:52:43.000
825685768,79859904,2026-09-03 14:30:37.000,WhatsApp9696,USER,,delivered,2026-09-03 14:30:33.000,2026-09-03 14:30:33.000,2026-09-03 14:30:33.000
825685817,79859904,2026-09-03 14:30:37.000,WhatsApp9696,USER,,delivered,2026-09-03 14:30:33.000,2026-09-03 14:30:33.000,2026-09-03 14:30:33.000
825685848,79859904,2026-09-03 14:30:36.000,WhatsApp9696,USER,,delivered,2026-09-03 14:30:32.000,2026-09-03 14:30:32.000,2026-09-03 14:30:32.000
825685882,79859904,2026-09-03 14:30:38.000,WhatsApp9696,USER,,delivered,2026-09-03 14:30:34.000,2026-09-03 14:30:34.000,2026-09-03 14:30:34.000
825685909,79859904,2026-09-03 14:30:39.000,WhatsApp9696,USER,,delivered,2026-09-03 14:30:33.000,2026-09-03 14:30:33.000,
825685971,79859904,2026-09-03 14:30:38.000,WhatsApp9696,USER,,delivered,2026-09-03 14:30:34.000,2026-09-03 14:30:34.000,2026-09-03 14:30:34.000
825686324,79859904,2026-09-03 14:30:45.000,WhatsApp9696,USER,,delivered,2026-09-03 14:30:44.000,2026-09-03 14:30:44.000,2026-09-03 14:30:44.000
825686521,79859904,2026-09-03 14:30:48.000,WhatsApp9696,API,,read,2026-09-03 14:30:41.000,2026-09-03 14:30:42.000,2026-09-03 14:30:42.000
825688617,79859904,2026-09-03 14:31:18.000,WhatsApp9696,USER,,delivered,2026-09-03 14:31:17.000,2026-09-03 14:31:17.000,2026-09-03 14:31:17.000
825689673,79859904,2026-09-03 14:31:32.000,WhatsApp9696,USER,,delivered,2026-09-03 14:31:30.000,2026-09-03 14:31:30.000,2026-09-03 14:31:30.000
826208163,79859904,2026-09-03 16:43:38.000,WhatsApp9696,USER,,delivered,2026-09-03 16:43:37.000,2026-09-03 16:43:37.000,2026-09-03 16:43:37.000
826208568,79859904,2026-09-03 16:43:45.000,WhatsApp9696,API,,read,2026-09-03 16:43:40.000,2026-09-03 16:43:41.000,2026-09-03 16:43:41.000
826208591,79859904,2026-09-03 16:43:45.000,WhatsApp9696,API,,read,2026-09-03 16:43:40.000,2026-09-03 16:43:40.000,2026-09-03 16:43:40.000
826208874,79859904,2026-09-03 16:43:49.000,WhatsApp9696,USER,,delivered,2026-09-03 16:43:48.000,2026-09-03 16:43:48.000,2026-09-03 16:43:48.000
826209238,79859904,2026-09-03 16:43:55.000,WhatsApp9696,API,,read,2026-09-03 16:43:51.000,2026-09-03 16:43:51.000,2026-09-03 16:43:51.000
826209504,79859904,2026-09-03 16:43:59.000,WhatsApp9696,USER,,delivered,2026-09-03 16:43:58.000,2026-09-03 16:43:58.000,2026-09-03 16:43:58.000
826209895,79859904,2026-09-03 16:44:05.000,WhatsApp9696,API,,read,2026-09-03 16:44:00.000,2026-09-03 16:44:01.000,2026-09-03 16:44:01.000
826209944,79859904,2026-09-03 16:44:06.000,WhatsApp9696,API,,read,2026-09-03 16:44:01.000,2026-09-03 16:44:01.000,2026-09-03 16:44:01.000
826211069,79859904,2026-09-03 16:44:21.000,WhatsApp9696,USER,,delivered,2026-09-03 16:44:18.000,2026-09-03 16:44:18.000,2026-09-03 16:44:18.000
826211131,79859904,2026-09-03 16:44:24.000,WhatsApp9696,USER,,delivered,2026-09-03 16:44:19.000,2026-09-03 16:44:19.000,
826211911,79859904,2026-09-03 16:44:38.000,WhatsApp9696,API,airtel_var8_8047551393_new,read,2026-09-03 16:44:28.000,2026-09-03 16:44:32.000,2026-09-03 16:44:32.000
826212875,79859904,2026-09-03 16:44:53.000,WhatsApp9696,API,8043832588_airtel_astbuy10,read,2026-09-03 16:44:45.000,2026-09-03 16:44:47.000,2026-09-03 16:46:35.000
826225676,79859904,2026-09-03 16:48:15.000,WhatsApp9696,API,7942663411_airtel_astbuy10,read,2026-09-03 16:48:05.000,2026-09-03 16:48:08.000,2026-09-03 16:48:17.000
826275799,79859904,2026-09-03 17:01:09.000,WhatsApp9696,API,8043835218_airtel_astbuy10,read,2026-09-03 17:01:01.000,2026-09-03 17:01:03.000,2026-09-03 17:06:49.000
826286958,79859904,2026-09-03 17:04:06.000,WhatsApp9696,API,7942968633_airtel_astbuy10,read,2026-09-03 17:03:59.000,2026-09-03 17:03:59.000,2026-09-03 17:06:49.000
826383965,79859904,2026-09-03 17:31:00.000,WhatsApp9696,API,8047518488_airtel_astbuy10,read,2026-09-03 17:30:52.000,2026-09-03 17:30:53.000,2026-09-03 17:32:04.000
826431432,79859904,2026-09-03 17:44:34.000,WhatsApp9696,API,,read,2026-09-03 17:44:25.000,2026-09-03 17:44:28.000,2026-09-03 17:46:51.000
561992996,108096179,2026-06-05 23:58:02.000,WhatsApp9696,USER,,delivered,2026-06-05 23:58:01.000,2026-06-05 23:58:01.000,2026-06-05 23:58:01.000
561993133,108096179,2026-06-05 23:58:10.000,WhatsApp9696,API,,read,2026-06-05 23:58:05.000,2026-06-05 23:58:05.000,2026-06-05 23:58:05.000
561993165,108096179,2026-06-05 23:58:11.000,WhatsApp9696,API,,read,2026-06-05 23:58:04.000,2026-06-05 23:58:05.000,2026-06-05 23:58:05.000
561993178,108096179,2026-06-05 23:58:12.000,WhatsApp9696,USER,,delivered,2026-06-05 23:58:11.000,2026-06-05 23:58:11.000,2026-06-05 23:58:11.000
561993306,108096179,2026-06-05 23:58:21.000,WhatsApp9696,USER,,delivered,2026-06-05 23:58:19.000,2026-06-05 23:58:19.000,2026-06-05 23:58:19.000
561993456,108096179,2026-06-05 23:58:27.000,WhatsApp9696,API,,read,2026-06-05 23:58:22.000,2026-06-05 23:58:22.000,2026-06-05 23:58:22.000
561999459,108096179,2026-06-06 00:03:30.000,WhatsApp9696,API,,delivered,2026-06-06 00:03:22.000,2026-06-06 00:03:23.000,
561999577,108096179,2026-06-06 00:03:35.000,WhatsApp9696,API,,delivered,2026-06-06 00:03:24.000,2026-06-06 00:03:28.000,
562055219,108096179,2026-06-06 01:03:35.000,WhatsApp9696,API,,delivered,2026-06-06 01:03:29.000,2026-06-06 09:55:46.000,
562258556,108096179,2026-06-06 07:54:59.000,WhatsApp9696,API,,delivered,2026-06-06 07:54:52.000,2026-06-06 09:55:46.000,
562258562,108096179,2026-06-06 07:54:59.000,WhatsApp9696,API,,delivered,2026-06-06 07:54:53.000,2026-06-06 09:55:46.000,
563320776,108096179,2026-06-06 14:36:01.000,WhatsApp9696,API,,delivered,2026-06-06 14:35:55.000,2026-06-06 21:58:33.000,
776886140,94579284,2026-08-18 10:06:11.000,WhatsApp9696,API,8047825943_airtel_astbuy10,read,2026-08-18 10:04:40.000,2026-08-18 10:04:43.000,2026-08-18 12:14:56.000
564828641,108096179,2026-06-07 01:00:43.000,WhatsApp9696,API,,read,2026-06-05 23:58:13.000,2026-06-05 23:58:13.000,2026-06-05 23:58:13.000
778669646,94579284,2026-08-18 17:59:49.000,WhatsApp9696,API,,failed,2026-08-18 17:59:43.000,,
835817704,131750605,2026-09-06 11:29:04.000,WhatsApp9696,API,oncall_astbuy_2,read,2026-09-06 11:28:53.000,2026-09-06 11:28:59.000,2026-09-07 13:19:29.000
836264940,131750605,2026-09-06 13:33:45.000,WhatsApp9696,API,7942616886_airtel_astbuy10,read,2026-09-06 13:33:34.000,2026-09-06 13:33:38.000,2026-09-07 13:19:29.000
836385240,131750605,2026-09-06 14:08:12.000,WhatsApp9696,API,7948217043_airtel_astbuy10,read,2026-09-06 14:08:04.000,2026-09-06 14:08:07.000,2026-09-07 13:19:29.000
837048397,131750605,2026-09-06 17:34:22.000,WhatsApp9696,API,,failed,2026-09-06 17:34:15.000,,
426464468,94579284,2026-04-10 11:36:44.000,WhatsApp9696,API,,READ,2026-04-10 11:36:39.000,2026-04-10 11:36:40.000,2026-04-10 11:40:37.000
426464523,94579284,2026-04-10 11:36:46.000,WhatsApp9696,API,,READ,2026-04-10 11:36:39.000,2026-04-10 11:36:40.000,2026-04-10 11:40:37.000
838814912,131750605,2026-09-07 10:11:56.000,WhatsApp9696,API,,failed,2026-09-07 10:11:48.000,,
838815185,131750605,2026-09-07 10:12:00.000,WhatsApp9696,API,,failed,2026-09-07 10:11:52.000,,
838821562,131750605,2026-09-07 10:13:41.000,WhatsApp9696,API,,failed,2026-09-07 10:13:34.000,,
838848423,131750605,2026-09-07 10:20:48.000,WhatsApp9696,API,8047830324_airtel_astbuy10,read,2026-09-07 10:20:41.000,2026-09-07 10:20:43.000,2026-09-07 13:19:29.000
788349185,94579284,2026-08-21 16:30:38.000,WhatsApp9696,API,8047817531_airtel_astbuy12,read,2026-08-21 16:30:31.000,2026-08-21 16:30:33.000,2026-08-21 18:22:43.000
788349246,94579284,2026-08-21 16:30:39.000,WhatsApp9696,API,7942616886_airtel_astbuy12,read,2026-08-21 16:30:32.000,2026-08-21 16:30:33.000,2026-08-21 18:22:43.000
788467402,94579284,2026-08-21 18:26:25.000,WhatsApp9696,USER,,delivered,2026-08-21 18:26:23.000,2026-08-21 18:26:23.000,2026-08-21 18:26:23.000
788467474,94579284,2026-08-21 18:26:36.000,WhatsApp9696,USER,,delivered,2026-08-21 18:26:34.000,2026-08-21 18:26:34.000,2026-08-21 18:26:34.000
788467637,94579284,2026-08-21 18:26:55.000,WhatsApp9696,USER,,delivered,2026-08-21 18:26:53.000,2026-08-21 18:26:53.000,2026-08-21 18:26:53.000
788467735,94579284,2026-08-21 18:27:06.000,WhatsApp9696,USER,,delivered,2026-08-21 18:27:04.000,2026-08-21 18:27:04.000,2026-08-21 18:27:04.000
788467833,94579284,2026-08-21 18:27:16.000,WhatsApp9696,USER,,delivered,2026-08-21 18:27:14.000,2026-08-21 18:27:14.000,2026-08-21 18:27:14.000
788540900,94579284,2026-08-21 19:51:19.000,WhatsApp9696,API,8047830324_airtel_astbuy10,read,2026-08-21 16:58:01.000,2026-08-21 16:58:06.000,2026-08-21 18:22:43.000
788555292,94579284,2026-08-21 19:54:54.000,WhatsApp9696,API,,failed,2026-08-21 17:03:04.000,,
788662747,94579284,2026-08-21 20:04:52.000,WhatsApp9696,API,8047551393_airtel_astbuy12,read,2026-08-21 18:18:56.000,2026-08-21 18:18:57.000,2026-08-21 18:22:43.000
788664373,94579284,2026-08-21 20:05:01.000,WhatsApp9696,API,,read,2026-08-21 18:26:27.000,2026-08-21 18:26:28.000,2026-08-21 18:26:28.000
788665539,94579284,2026-08-21 20:05:04.000,WhatsApp9696,API,,read,2026-08-21 18:26:59.000,2026-08-21 18:26:57.000,2026-08-21 18:26:57.000
788671807,94579284,2026-08-21 20:05:27.000,WhatsApp9696,API,,read,2026-08-21 18:26:37.000,2026-08-21 18:26:37.000,2026-08-21 18:26:37.000
788672118,94579284,2026-08-21 20:05:28.000,WhatsApp9696,API,,read,2026-08-21 18:27:18.000,2026-08-21 18:27:17.000,2026-08-21 18:27:17.000
788673521,94579284,2026-08-21 20:05:35.000,WhatsApp9696,API,,read,2026-08-21 18:32:21.000,2026-08-21 18:39:42.000,2026-08-21 18:39:42.000
788673558,94579284,2026-08-21 20:05:36.000,WhatsApp9696,API,,read,2026-08-21 18:26:26.000,2026-08-21 18:26:27.000,2026-08-21 18:26:27.000
788808886,94579284,2026-08-21 20:14:20.000,WhatsApp9696,API,8047625383_airtel_astbuy12,read,2026-08-21 18:13:52.000,2026-08-21 18:13:56.000,2026-08-21 18:22:43.000
788825972,94579284,2026-08-21 20:15:37.000,WhatsApp9696,API,,read,2026-08-21 18:27:07.000,2026-08-21 18:27:08.000,2026-08-21 18:27:08.000
788829992,94579284,2026-08-21 20:15:49.000,WhatsApp9696,API,,read,2026-08-21 18:27:09.000,2026-08-21 18:27:10.000,2026-08-21 18:27:10.000
789751389,94579284,2026-08-22 08:51:59.000,WhatsApp9696,API,8043832588_airtel_astbuy10,read,2026-08-22 08:51:49.000,2026-08-22 09:06:32.000,2026-08-22 09:18:27.000
789779015,94579284,2026-08-22 09:07:49.000,WhatsApp9696,API,8043835218_airtel_astbuy10,read,2026-08-22 09:07:38.000,2026-08-22 09:07:41.000,2026-08-22 09:18:27.000
789980633,94579284,2026-08-22 10:36:11.000,WhatsApp9696,API,,read,2026-08-22 10:36:04.000,2026-08-22 10:36:02.000,2026-08-22 10:38:17.000
842395402,79859904,2026-09-07 16:02:27.000,WhatsApp9696,USER,,delivered,2026-09-07 16:02:25.000,2026-09-07 16:02:25.000,2026-09-07 16:02:25.000
842396818,79859904,2026-09-07 16:02:36.000,WhatsApp9696,API,,read,2026-09-07 16:02:29.000,2026-09-07 16:02:30.000,2026-09-07 16:02:57.000
842396911,79859904,2026-09-07 16:02:36.000,WhatsApp9696,API,,read,2026-09-07 16:02:29.000,2026-09-07 16:02:29.000,2026-09-07 16:02:57.000
842401375,79859904,2026-09-07 16:03:02.000,WhatsApp9696,USER,,delivered,2026-09-07 16:02:58.000,2026-09-07 16:02:58.000,2026-09-07 16:02:58.000
842401444,79859904,2026-09-07 16:03:02.000,WhatsApp9696,USER,,delivered,2026-09-07 16:02:59.000,2026-09-07 16:02:59.000,2026-09-07 16:02:59.000
842401507,79859904,2026-09-07 16:03:04.000,WhatsApp9696,USER,,delivered,2026-09-07 16:02:58.000,2026-09-07 16:02:58.000,
842401648,79859904,2026-09-07 16:03:03.000,WhatsApp9696,USER,,delivered,2026-09-07 16:02:59.000,2026-09-07 16:02:59.000,2026-09-07 16:02:59.000
842401831,79859904,2026-09-07 16:03:06.000,WhatsApp9696,USER,,delivered,2026-09-07 16:02:59.000,2026-09-07 16:02:59.000,
842403190,79859904,2026-09-07 16:03:14.000,WhatsApp9696,API,,read,2026-09-07 16:03:08.000,2026-09-07 16:03:09.000,2026-09-07 16:03:09.000
842410636,79859904,2026-09-07 16:03:58.000,WhatsApp9696,USER,,delivered,2026-09-07 16:03:56.000,2026-09-07 16:03:56.000,2026-09-07 16:03:56.000
842410783,79859904,2026-09-07 16:03:59.000,WhatsApp9696,USER,,delivered,2026-09-07 16:03:58.000,2026-09-07 16:03:58.000,2026-09-07 16:03:58.000
842411781,79859904,2026-09-07 16:04:03.000,WhatsApp9696,USER,,delivered,2026-09-07 16:03:58.000,2026-09-07 16:03:58.000,2026-09-07 16:03:58.000
842411797,79859904,2026-09-07 16:04:05.000,WhatsApp9696,USER,,delivered,2026-09-07 16:03:58.000,2026-09-07 16:03:58.000,
842412250,79859904,2026-09-07 16:04:08.000,WhatsApp9696,API,add_to_catalog_paid,read,2026-09-07 16:04:01.000,2026-09-07 16:04:01.000,2026-09-07 16:04:36.000
842413453,79859904,2026-09-07 16:04:15.000,WhatsApp9696,API,,read,2026-09-07 16:04:08.000,2026-09-07 16:04:08.000,2026-09-07 16:04:36.000
842413656,79859904,2026-09-07 16:04:16.000,WhatsApp9696,API,,read,2026-09-07 16:04:10.000,2026-09-07 16:04:11.000,2026-09-07 16:04:36.000
842465016,79859904,2026-09-07 16:09:21.000,WhatsApp9696,USER,,delivered,2026-09-07 16:09:20.000,2026-09-07 16:09:20.000,2026-09-07 16:09:20.000
842465751,79859904,2026-09-07 16:09:24.000,WhatsApp9696,USER,,delivered,2026-09-07 16:09:21.000,2026-09-07 16:09:21.000,2026-09-07 16:09:21.000
842465780,79859904,2026-09-07 16:09:26.000,WhatsApp9696,USER,,delivered,2026-09-07 16:09:21.000,2026-09-07 16:09:21.000,
842465853,79859904,2026-09-07 16:09:25.000,WhatsApp9696,USER,,delivered,2026-09-07 16:09:21.000,2026-09-07 16:09:21.000,2026-09-07 16:09:21.000
842465952,79859904,2026-09-07 16:09:27.000,WhatsApp9696,USER,,delivered,2026-09-07 16:09:22.000,2026-09-07 16:09:22.000,
586149991,147028331,2026-06-14 14:24:25.000,WhatsApp9696,USER,,delivered,2026-06-14 14:24:24.000,2026-06-14 14:24:24.000,2026-06-14 14:24:24.000
586150383,147028331,2026-06-14 14:24:33.000,WhatsApp9696,API,,read,2026-06-14 14:24:27.000,2026-06-14 14:24:27.000,2026-06-14 14:24:27.000
586150407,147028331,2026-06-14 14:24:33.000,WhatsApp9696,API,,read,2026-06-14 14:24:27.000,2026-06-14 14:24:28.000,2026-06-14 14:24:28.000
586150614,147028331,2026-06-14 14:24:38.000,WhatsApp9696,USER,,delivered,2026-06-14 14:24:37.000,2026-06-14 14:24:37.000,2026-06-14 14:24:37.000
586150971,147028331,2026-06-14 14:24:45.000,WhatsApp9696,API,,read,2026-06-14 14:24:39.000,2026-06-14 14:24:41.000,2026-06-14 14:24:41.000
586151893,147028331,2026-06-14 14:25:04.000,WhatsApp9696,USER,,delivered,2026-06-14 14:25:02.000,2026-06-14 14:25:02.000,2026-06-14 14:25:02.000
586152327,147028331,2026-06-14 14:25:13.000,WhatsApp9696,API,,read,2026-06-14 14:25:06.000,2026-06-14 14:25:07.000,2026-06-14 14:25:07.000
586152769,147028331,2026-06-14 14:25:22.000,WhatsApp9696,USER,,delivered,2026-06-14 14:25:21.000,2026-06-14 14:25:21.000,2026-06-14 14:25:21.000
586153332,147028331,2026-06-14 14:25:34.000,WhatsApp9696,API,,read,2026-06-14 14:25:27.000,2026-06-14 14:25:28.000,2026-06-14 14:25:28.000
586167200,147028331,2026-06-14 14:30:35.000,WhatsApp9696,API,,read,2026-06-14 14:30:28.000,2026-06-14 14:30:29.000,2026-06-14 14:34:45.000
586181692,147028331,2026-06-14 14:35:36.000,WhatsApp9696,API,,read,2026-06-14 14:35:29.000,2026-06-14 14:35:30.000,2026-06-14 14:36:04.000
586181869,147028331,2026-06-14 14:35:38.000,WhatsApp9696,API,,read,2026-06-14 14:35:32.000,2026-06-14 14:35:33.000,2026-06-14 14:36:04.000
586185671,147028331,2026-06-14 14:36:55.000,WhatsApp9696,USER,,delivered,2026-06-14 14:36:53.000,2026-06-14 14:36:53.000,2026-06-14 14:36:53.000
586186203,147028331,2026-06-14 14:37:06.000,WhatsApp9696,API,,read,2026-06-14 14:36:59.000,2026-06-14 14:37:01.000,2026-06-14 14:37:04.000
843163362,79859904,2026-09-07 16:58:25.000,WhatsApp8181,API,ai_photo_hinglish_temp,read,2026-09-06 11:36:34.000,2026-09-06 11:36:41.000,2026-09-06 11:37:19.000
843166616,79859904,2026-09-07 16:58:43.000,WhatsApp8181,USER,ai_photo_hinglish_temp,delivered,2026-09-06 11:37:21.000,2026-09-06 11:37:21.000,
843167211,79859904,2026-09-07 16:58:46.000,WhatsApp8181,API,,read,2026-09-06 11:37:25.000,2026-09-06 11:37:25.000,2026-09-06 11:38:03.000
843167288,79859904,2026-09-07 16:58:46.000,WhatsApp8181,API,,read,2026-09-06 11:37:25.000,2026-09-06 11:37:26.000,2026-09-06 11:38:03.000
843168827,79859904,2026-09-07 16:58:51.000,WhatsApp8181,USER,,delivered,2026-09-06 11:38:06.000,2026-09-06 11:38:06.000,
843169074,79859904,2026-09-07 16:58:52.000,WhatsApp8181,API,,read,2026-09-06 11:38:10.000,2026-09-06 11:38:10.000,2026-09-06 11:38:10.000
843169110,79859904,2026-09-07 16:58:52.000,WhatsApp8181,USER,,delivered,2026-09-06 11:38:14.000,2026-09-06 11:38:14.000,
843169505,79859904,2026-09-07 16:58:53.000,WhatsApp8181,API,,read,2026-09-06 11:38:19.000,2026-09-06 11:38:19.000,2026-09-06 11:38:22.000
843169520,79859904,2026-09-07 16:58:53.000,WhatsApp8181,API,,read,2026-09-06 11:38:18.000,2026-09-06 11:38:18.000,2026-09-06 11:38:22.000
843169545,79859904,2026-09-07 16:58:53.000,WhatsApp8181,USER,,delivered,2026-09-06 11:38:25.000,2026-09-06 11:38:25.000,
843169835,79859904,2026-09-07 16:58:54.000,WhatsApp8181,API,,read,2026-09-06 11:38:29.000,2026-09-06 11:38:28.000,2026-09-06 11:38:28.000
843170132,79859904,2026-09-07 16:58:56.000,WhatsApp8181,USER,,delivered,2026-09-06 11:38:38.000,2026-09-06 11:38:38.000,
843170400,79859904,2026-09-07 16:58:56.000,WhatsApp8181,USER,,delivered,2026-09-06 11:38:44.000,2026-09-06 11:38:44.000,
843170480,79859904,2026-09-07 16:58:57.000,WhatsApp8181,API,,read,2026-09-06 11:38:42.000,2026-09-06 11:38:42.000,2026-09-06 11:38:42.000
843170750,79859904,2026-09-07 16:58:58.000,WhatsApp8181,API,,read,2026-09-06 11:38:47.000,2026-09-06 11:38:47.000,2026-09-06 11:38:57.000
843171126,79859904,2026-09-07 16:58:59.000,WhatsApp8181,USER,,delivered,2026-09-06 11:38:57.000,2026-09-06 11:38:57.000,
843171153,79859904,2026-09-07 16:58:59.000,WhatsApp8181,USER,,delivered,2026-09-06 11:38:58.000,2026-09-06 11:38:58.000,
843171432,79859904,2026-09-07 16:59:00.000,WhatsApp8181,API,,read,2026-09-06 11:39:05.000,2026-09-06 11:39:05.000,2026-09-06 11:39:05.000
843172267,79859904,2026-09-07 16:59:02.000,WhatsApp8181,API,8047671049_airtel_astbuy10,read,2026-09-06 11:39:22.000,2026-09-06 11:39:24.000,2026-09-06 11:39:38.000
843215643,79859904,2026-09-07 17:02:00.000,WhatsApp8181,API,7942666273_airtel_astbuy10,read,2026-09-06 11:55:37.000,2026-09-06 11:55:38.000,2026-09-06 11:56:27.000
843233540,79859904,2026-09-07 17:03:19.000,WhatsApp8181,API,7942562522_airtel_astbuy10,read,2026-09-06 12:01:49.000,2026-09-06 12:01:50.000,2026-09-06 12:01:53.000
843235081,79859904,2026-09-07 17:03:27.000,WhatsApp8181,USER,7942562522_airtel_astbuy10,delivered,2026-09-06 12:02:10.000,2026-09-06 12:02:10.000,
843254204,79859904,2026-09-07 17:04:44.000,WhatsApp8181,API,8047795189_airtel_astbuy10,read,2026-09-06 12:08:48.000,2026-09-06 12:08:52.000,2026-09-06 12:09:52.000
843256467,79859904,2026-09-07 17:04:52.000,WhatsApp8181,USER,,delivered,2026-09-06 12:10:03.000,2026-09-06 12:10:03.000,
587865510,147028331,2026-06-15 08:34:32.000,WhatsApp9696,API,,read,2026-06-15 08:34:26.000,2026-06-15 08:40:07.000,2026-06-15 15:52:08.000
843282565,79859904,2026-09-07 17:06:39.000,WhatsApp8181,API,8047806912_airtel_astbuy10,read,2026-09-06 12:19:19.000,2026-09-06 12:19:20.000,2026-09-06 12:31:37.000
901139685,131750605,2026-09-17 12:15:53.000,WhatsApp9696,USER,,delivered,2026-09-17 12:15:52.000,2026-09-17 12:15:52.000,2026-09-17 12:15:52.000
901140562,131750605,2026-09-17 12:16:01.000,WhatsApp9696,API,,read,2026-09-17 12:15:55.000,2026-09-17 12:15:56.000,2026-09-17 12:34:10.000
901175206,131750605,2026-09-17 12:21:01.000,WhatsApp9696,API,,read,2026-09-17 12:20:56.000,2026-09-17 12:20:56.000,2026-09-17 12:34:10.000
901209005,131750605,2026-09-17 12:26:03.000,WhatsApp9696,API,,read,2026-09-17 12:25:56.000,2026-09-17 12:25:57.000,2026-09-17 12:34:10.000
901209531,131750605,2026-09-17 12:26:08.000,WhatsApp9696,API,wa96_ty_card_airtel_8047671049,read,2026-09-17 12:26:02.000,2026-09-17 12:26:02.000,2026-09-17 12:34:10.000
901617047,131750605,2026-09-17 13:26:05.000,WhatsApp9696,API,nonts_airtel_8047671049_new,read,2026-09-17 13:25:59.000,2026-09-17 13:26:04.000,2026-09-19 17:43:57.000
795229514,94579284,2026-08-24 11:18:27.000,WhatsApp9696,API,8047518488_airtel_astbuy10,read,2026-08-24 11:18:18.000,2026-08-24 11:18:21.000,2026-08-24 11:46:33.000
795436451,94579284,2026-08-24 12:22:14.000,WhatsApp9696,API,7948217043_airtel_astbuy12,read,2026-08-24 12:22:07.000,2026-08-24 12:22:09.000,2026-08-24 12:48:14.000
845968681,79859904,2026-09-07 20:16:35.000,WhatsApp8181,USER,,delivered,2026-09-07 12:45:10.000,2026-09-07 12:45:10.000,
845968779,79859904,2026-09-07 20:16:35.000,WhatsApp8181,USER,,delivered,2026-09-07 12:45:12.000,2026-09-07 12:45:12.000,
845968796,79859904,2026-09-07 20:16:35.000,WhatsApp8181,USER,,delivered,2026-09-07 12:45:13.000,2026-09-07 12:45:13.000,
845969926,79859904,2026-09-07 20:16:39.000,WhatsApp8181,API,,read,2026-09-07 12:45:36.000,2026-09-07 12:45:39.000,2026-09-07 12:45:39.000
845970014,79859904,2026-09-07 20:16:39.000,WhatsApp8181,API,,read,2026-09-07 12:45:37.000,2026-09-07 12:45:39.000,2026-09-07 12:45:39.000
845970212,79859904,2026-09-07 20:16:39.000,WhatsApp8181,API,wa81_call_url_next_product_search_airtel_8047669884,read,2026-09-07 12:45:38.000,2026-09-07 12:45:43.000,2026-09-07 12:45:43.000
845970237,79859904,2026-09-07 20:16:40.000,WhatsApp8181,API,wa81_call_url_next_product_search_airtel_8043875647,read,2026-09-07 12:45:39.000,2026-09-07 12:45:43.000,2026-09-07 12:45:43.000
845970254,79859904,2026-09-07 20:16:40.000,WhatsApp8181,API,wa81_call_url_next_product_search_airtel_7949330891,read,2026-09-07 12:45:39.000,2026-09-07 12:45:44.000,2026-09-07 12:45:44.000
845970285,79859904,2026-09-07 20:16:40.000,WhatsApp8181,API,wa81_call_url_first_product_search_airtel_8047698206,read,2026-09-07 12:45:39.000,2026-09-07 12:45:45.000,2026-09-07 12:45:45.000
795457525,94579284,2026-08-24 12:28:58.000,WhatsApp9696,API,7942794500_airtel_astbuy12,read,2026-08-24 12:28:48.000,2026-08-24 12:36:50.000,2026-08-24 12:48:14.000
586349074,147028331,2026-06-14 15:35:39.000,WhatsApp9696,API,,read,2026-06-14 15:35:32.000,2026-06-14 15:35:40.000,2026-06-14 15:35:48.000
907044285,131750605,2026-09-18 12:34:44.000,WhatsApp9696,API,7948548460_airtel_astbuy18,read,2026-09-18 12:34:37.000,2026-09-18 12:34:38.000,2026-09-19 17:43:57.000
589548345,147028331,2026-06-15 17:28:41.000,WhatsApp9696,API,,read,2026-06-15 17:28:35.000,2026-06-15 17:28:48.000,2026-06-15 19:48:22.000
803337911,131750605,2026-08-27 10:16:09.000,WhatsApp9696,API,7942613079_airtel_astbuy10,read,2026-08-27 10:16:01.000,2026-08-27 10:16:04.000,2026-08-28 16:45:20.000
803489516,131750605,2026-08-27 11:02:21.000,WhatsApp9696,API,,failed,2026-08-27 11:02:13.000,,
803897369,131750605,2026-08-27 12:53:47.000,WhatsApp9696,API,7942616554_airtel_astbuy10,read,2026-08-27 12:53:37.000,2026-08-27 12:53:41.000,2026-08-28 16:45:20.000
746726033,94579284,2026-08-08 15:43:17.000,WhatsApp9696,API,8047662588_airtel_astbuy12,read,2026-08-08 15:43:12.000,2026-08-08 15:43:13.000,2026-08-08 19:45:47.000
746726086,94579284,2026-08-08 15:43:18.000,WhatsApp9696,API,7942613079_airtel_astbuy12,read,2026-08-08 15:43:12.000,2026-08-08 15:43:13.000,2026-08-08 19:45:47.000
746739876,94579284,2026-08-08 15:46:58.000,WhatsApp9696,API,7942616554_airtel_astbuy10,read,2026-08-08 15:46:51.000,2026-08-08 15:46:53.000,2026-08-08 19:45:47.000
746747016,94579284,2026-08-08 15:48:51.000,WhatsApp9696,API,7942625041_airtel_astbuy10,read,2026-08-08 15:48:45.000,2026-08-08 15:49:03.000,2026-08-08 19:45:47.000
853475977,131750605,2026-09-08 21:01:55.000,WhatsApp9696,USER,,delivered,2026-09-08 21:01:53.000,2026-09-08 21:01:53.000,2026-09-08 21:01:53.000
853476661,131750605,2026-09-08 21:02:04.000,WhatsApp9696,API,,read,2026-09-08 21:01:56.000,2026-09-08 21:01:57.000,2026-09-08 21:07:03.000
853500437,131750605,2026-09-08 21:07:05.000,WhatsApp9696,API,,read,2026-09-08 21:06:58.000,2026-09-08 21:06:58.000,2026-09-08 21:07:03.000
853500656,131750605,2026-09-08 21:07:08.000,WhatsApp9696,USER,,delivered,2026-09-08 21:07:06.000,2026-09-08 21:07:06.000,2026-09-08 21:07:06.000
853501271,131750605,2026-09-08 21:07:15.000,WhatsApp9696,API,,read,2026-09-08 21:07:10.000,2026-09-08 21:07:10.000,2026-09-08 21:07:10.000
853501293,131750605,2026-09-08 21:07:15.000,WhatsApp9696,API,,read,2026-09-08 21:07:10.000,2026-09-08 21:07:09.000,2026-09-08 21:07:09.000
853501304,131750605,2026-09-08 21:07:16.000,WhatsApp9696,USER,,delivered,2026-09-08 21:07:14.000,2026-09-08 21:07:14.000,2026-09-08 21:07:14.000
853501884,131750605,2026-09-08 21:07:22.000,WhatsApp9696,USER,,delivered,2026-09-08 21:07:21.000,2026-09-08 21:07:21.000,2026-09-08 21:07:21.000
853501973,131750605,2026-09-08 21:07:23.000,WhatsApp9696,API,,read,2026-09-08 21:07:16.000,2026-09-08 21:07:17.000,2026-09-08 21:07:17.000
853502000,131750605,2026-09-08 21:07:23.000,WhatsApp9696,API,,read,2026-09-08 21:07:17.000,2026-09-08 21:07:18.000,2026-09-08 21:07:18.000
853502502,131750605,2026-09-08 21:07:29.000,WhatsApp9696,API,,read,2026-09-08 21:07:24.000,2026-09-08 21:07:24.000,2026-09-08 21:07:24.000
853502543,131750605,2026-09-08 21:07:30.000,WhatsApp9696,API,,read,2026-09-08 21:07:24.000,2026-09-08 21:07:24.000,2026-09-08 21:07:24.000
853502759,131750605,2026-09-08 21:07:32.000,WhatsApp9696,USER,,delivered,2026-09-08 21:07:30.000,2026-09-08 21:07:30.000,2026-09-08 21:07:30.000
853503384,131750605,2026-09-08 21:07:39.000,WhatsApp9696,API,,read,2026-09-08 21:07:33.000,2026-09-08 21:07:34.000,2026-09-08 21:07:34.000
853526329,131750605,2026-09-08 21:12:44.000,WhatsApp9696,API,,read,2026-09-08 21:12:35.000,2026-09-08 21:12:39.000,2026-09-08 21:33:36.000
853775817,131750605,2026-09-08 22:12:45.000,WhatsApp9696,API,trustseal_airtel_7942794500_new_1,read,2026-09-08 22:12:34.000,2026-09-08 22:12:40.000,2026-09-08 22:15:03.000
805048909,131750605,2026-08-27 19:10:25.000,WhatsApp9696,API,8047662588_airtel_astbuy10,read,2026-08-27 19:10:17.000,2026-08-27 19:10:20.000,2026-08-28 16:45:20.000
857210349,131750605,2026-09-09 14:47:12.000,WhatsApp9696,API,,read,2026-09-09 14:47:03.000,2026-09-09 14:47:04.000,2026-09-09 18:10:04.000
914461680,131750605,2026-09-19 17:26:14.000,WhatsApp9696,API,7942625649_airtel_astbuy10,read,2026-09-19 17:26:07.000,2026-09-19 17:26:12.000,2026-09-19 17:43:57.000
948078466,79859904,2026-09-25 12:27:42.000,WhatsApp9696,API,,read,2026-09-25 12:27:34.000,2026-09-25 12:27:39.000,2026-09-25 12:52:00.000
914658388,131750605,2026-09-19 17:55:40.000,WhatsApp9696,API,7942663411_airtel_astbuy10,read,2026-09-19 17:55:31.000,2026-09-19 17:55:35.000,2026-09-19 17:55:49.000
867349471,131750605,2026-09-11 10:19:17.000,WhatsApp9696,API,7942641605_airtel_astbuy10,read,2026-09-11 10:19:06.000,2026-09-11 10:19:10.000,2026-09-11 10:29:29.000
867421272,131750605,2026-09-11 10:29:33.000,WhatsApp9696,USER,,delivered,2026-09-11 10:29:31.000,2026-09-11 10:29:31.000,2026-09-11 10:29:31.000
867422131,131750605,2026-09-11 10:29:40.000,WhatsApp9696,USER,,delivered,2026-09-11 10:29:38.000,2026-09-11 10:29:38.000,2026-09-11 10:29:38.000
867422222,131750605,2026-09-11 10:29:40.000,WhatsApp9696,API,,read,2026-09-11 10:29:34.000,2026-09-11 10:29:34.000,2026-09-11 10:29:34.000
867422266,131750605,2026-09-11 10:29:41.000,WhatsApp9696,API,,read,2026-09-11 10:29:35.000,2026-09-11 10:29:36.000,2026-09-11 10:29:36.000
867422967,131750605,2026-09-11 10:29:46.000,WhatsApp9696,API,,read,2026-09-11 10:29:42.000,2026-09-11 10:29:42.000,2026-09-11 10:29:42.000
867423853,131750605,2026-09-11 10:29:53.000,WhatsApp9696,USER,,delivered,2026-09-11 10:29:51.000,2026-09-11 10:29:51.000,2026-09-11 10:29:51.000
867424498,131750605,2026-09-11 10:29:59.000,WhatsApp9696,USER,,delivered,2026-09-11 10:29:57.000,2026-09-11 10:29:57.000,2026-09-11 10:29:57.000
867424591,131750605,2026-09-11 10:29:59.000,WhatsApp9696,API,,read,2026-09-11 10:29:55.000,2026-09-11 10:29:54.000,2026-09-11 10:29:54.000
867424664,131750605,2026-09-11 10:30:00.000,WhatsApp9696,API,,read,2026-09-11 10:29:55.000,2026-09-11 10:29:55.000,2026-09-11 10:29:55.000
867425140,131750605,2026-09-11 10:30:04.000,WhatsApp9696,USER,,delivered,2026-09-11 10:30:02.000,2026-09-11 10:30:02.000,2026-09-11 10:30:02.000
867425145,131750605,2026-09-11 10:30:04.000,WhatsApp9696,API,,read,2026-09-11 10:30:00.000,2026-09-11 10:30:00.000,2026-09-11 10:30:00.000
867425685,131750605,2026-09-11 10:30:09.000,WhatsApp9696,USER,,delivered,2026-09-11 10:30:07.000,2026-09-11 10:30:07.000,2026-09-11 10:30:07.000
867425869,131750605,2026-09-11 10:30:10.000,WhatsApp9696,API,,read,2026-09-11 10:30:06.000,2026-09-11 10:30:06.000,2026-09-11 10:30:06.000
867426359,131750605,2026-09-11 10:30:15.000,WhatsApp9696,API,,read,2026-09-11 10:30:10.000,2026-09-11 10:30:11.000,2026-09-11 10:30:11.000
867426926,131750605,2026-09-11 10:30:20.000,WhatsApp9696,USER,,delivered,2026-09-11 10:30:19.000,2026-09-11 10:30:19.000,2026-09-11 10:30:19.000
867428239,131750605,2026-09-11 10:30:33.000,WhatsApp9696,API,wa96_ty_card_airtel_8047551393,read,2026-09-11 10:30:26.000,2026-09-11 10:30:28.000,2026-09-11 10:35:53.000
866378334,131750605,2026-09-11 06:43:29.000,WhatsApp9696,USER,,delivered,2026-09-11 06:43:27.000,2026-09-11 06:43:27.000,2026-09-11 06:43:27.000
866378425,131750605,2026-09-11 06:43:34.000,WhatsApp9696,USER,,delivered,2026-09-11 06:43:33.000,2026-09-11 06:43:33.000,2026-09-11 06:43:33.000
866378454,131750605,2026-09-11 06:43:36.000,WhatsApp9696,API,,read,2026-09-11 06:43:31.000,2026-09-11 06:43:31.000,2026-09-11 06:43:31.000
866378465,131750605,2026-09-11 06:43:36.000,WhatsApp9696,API,,read,2026-09-11 06:43:30.000,2026-09-11 06:43:30.000,2026-09-11 06:43:30.000
866378565,131750605,2026-09-11 06:43:41.000,WhatsApp9696,API,,read,2026-09-11 06:43:35.000,2026-09-11 06:43:36.000,2026-09-11 06:43:36.000
866378652,131750605,2026-09-11 06:43:46.000,WhatsApp9696,USER,,delivered,2026-09-11 06:43:45.000,2026-09-11 06:43:45.000,2026-09-11 06:43:45.000
866378785,131750605,2026-09-11 06:43:51.000,WhatsApp9696,API,,read,2026-09-11 06:43:48.000,2026-09-11 06:43:48.000,2026-09-11 06:43:48.000
866378796,131750605,2026-09-11 06:43:52.000,WhatsApp9696,USER,,delivered,2026-09-11 06:43:50.000,2026-09-11 06:43:50.000,2026-09-11 06:43:50.000
866378813,131750605,2026-09-11 06:43:53.000,WhatsApp9696,API,,read,2026-09-11 06:43:47.000,2026-09-11 06:43:47.000,2026-09-11 06:43:47.000
866378917,131750605,2026-09-11 06:43:57.000,WhatsApp9696,USER,,delivered,2026-09-11 06:43:55.000,2026-09-11 06:43:55.000,2026-09-11 06:43:55.000
866378953,131750605,2026-09-11 06:43:58.000,WhatsApp9696,API,,read,2026-09-11 06:43:53.000,2026-09-11 06:43:53.000,2026-09-11 06:43:53.000
866379058,131750605,2026-09-11 06:44:03.000,WhatsApp9696,API,,read,2026-09-11 06:43:58.000,2026-09-11 06:43:58.000,2026-09-11 06:43:58.000
866385338,131750605,2026-09-11 06:49:13.000,WhatsApp9696,API,wa96_ty_card_airtel_8047625383,read,2026-09-11 06:49:06.000,2026-09-11 06:49:07.000,2026-09-11 06:49:13.000
866863247,131750605,2026-09-11 09:26:59.000,WhatsApp9696,API,7949338050_airtel_astbuy10,read,2026-09-11 09:26:51.000,2026-09-11 09:26:53.000,2026-09-11 10:29:29.000
866477207,131750605,2026-09-11 07:49:09.000,WhatsApp9696,API,wa96_ts_1_hr_v4_airtel_8047625383,read,2026-09-11 07:49:02.000,2026-09-11 07:49:05.000,2026-09-11 08:33:11.000
868279619,131750605,2026-09-11 12:55:34.000,WhatsApp9696,API,8043832588_airtel_astbuy10,failed,2026-09-11 12:55:24.000,,
867859377,79859904,2026-09-11 11:35:06.000,WhatsApp9696,USER,,delivered,2026-09-11 11:35:05.000,2026-09-11 11:35:05.000,2026-09-11 11:35:05.000
867859712,79859904,2026-09-11 11:35:08.000,WhatsApp9696,USER,,delivered,2026-09-11 11:35:05.000,2026-09-11 11:35:05.000,2026-09-11 11:35:05.000
867859808,79859904,2026-09-11 11:35:09.000,WhatsApp9696,USER,,delivered,2026-09-11 11:35:05.000,2026-09-11 11:35:05.000,2026-09-11 11:35:05.000
867859845,79859904,2026-09-11 11:35:09.000,WhatsApp9696,USER,,delivered,2026-09-11 11:35:05.000,2026-09-11 11:35:05.000,2026-09-11 11:35:05.000
867862734,79859904,2026-09-11 11:35:39.000,WhatsApp9696,API,,read,2026-09-11 11:35:13.000,2026-09-11 11:35:14.000,2026-09-11 11:35:14.000
867874106,79859904,2026-09-11 11:37:12.000,WhatsApp9696,USER,,delivered,2026-09-11 11:37:10.000,2026-09-11 11:37:10.000,2026-09-11 11:37:10.000
867874783,79859904,2026-09-11 11:37:15.000,WhatsApp9696,USER,,delivered,2026-09-11 11:37:11.000,2026-09-11 11:37:11.000,2026-09-11 11:37:11.000
867874808,79859904,2026-09-11 11:37:16.000,WhatsApp9696,USER,,delivered,2026-09-11 11:37:11.000,2026-09-11 11:37:11.000,
867874988,79859904,2026-09-11 11:37:16.000,WhatsApp9696,USER,,delivered,2026-09-11 11:37:12.000,2026-09-11 11:37:12.000,2026-09-11 11:37:12.000
867875041,79859904,2026-09-11 11:37:17.000,WhatsApp9696,USER,,delivered,2026-09-11 11:37:13.000,2026-09-11 11:37:13.000,2026-09-11 11:37:13.000
867875101,79859904,2026-09-11 11:37:18.000,WhatsApp9696,USER,,delivered,2026-09-11 11:37:12.000,2026-09-11 11:37:12.000,
867875259,79859904,2026-09-11 11:37:18.000,WhatsApp9696,USER,,delivered,2026-09-11 11:37:13.000,2026-09-11 11:37:13.000,2026-09-11 11:37:13.000
867875321,79859904,2026-09-11 11:37:18.000,WhatsApp9696,USER,,delivered,2026-09-11 11:37:14.000,2026-09-11 11:37:14.000,2026-09-11 11:37:14.000
867875359,79859904,2026-09-11 11:37:19.000,WhatsApp9696,USER,,delivered,2026-09-11 11:37:14.000,2026-09-11 11:37:14.000,2026-09-11 11:37:14.000
867875377,79859904,2026-09-11 11:37:20.000,WhatsApp9696,USER,,delivered,2026-09-11 11:37:14.000,2026-09-11 11:37:14.000,
867875542,79859904,2026-09-11 11:37:20.000,WhatsApp9696,USER,,delivered,2026-09-11 11:37:15.000,2026-09-11 11:37:15.000,2026-09-11 11:37:15.000
867875601,79859904,2026-09-11 11:37:20.000,WhatsApp9696,USER,,delivered,2026-09-11 11:37:15.000,2026-09-11 11:37:15.000,2026-09-11 11:37:15.000
867875665,79859904,2026-09-11 11:37:21.000,WhatsApp9696,USER,,delivered,2026-09-11 11:37:16.000,2026-09-11 11:37:16.000,2026-09-11 11:37:16.000
867875726,79859904,2026-09-11 11:37:22.000,WhatsApp9696,USER,,delivered,2026-09-11 11:37:16.000,2026-09-11 11:37:16.000,
867875808,79859904,2026-09-11 11:37:23.000,WhatsApp9696,USER,,delivered,2026-09-11 11:37:17.000,2026-09-11 11:37:17.000,
867875859,79859904,2026-09-11 11:37:22.000,WhatsApp9696,USER,,delivered,2026-09-11 11:37:17.000,2026-09-11 11:37:17.000,2026-09-11 11:37:17.000
867875917,79859904,2026-09-11 11:37:22.000,WhatsApp9696,USER,,delivered,2026-09-11 11:37:17.000,2026-09-11 11:37:17.000,2026-09-11 11:37:17.000
867876079,79859904,2026-09-11 11:37:25.000,WhatsApp9696,USER,,delivered,2026-09-11 11:37:18.000,2026-09-11 11:37:18.000,
867876137,79859904,2026-09-11 11:37:24.000,WhatsApp9696,USER,,delivered,2026-09-11 11:37:18.000,2026-09-11 11:37:18.000,2026-09-11 11:37:18.000
867876167,79859904,2026-09-11 11:37:23.000,WhatsApp9696,USER,,delivered,2026-09-11 11:37:18.000,2026-09-11 11:37:18.000,2026-09-11 11:37:18.000
867876235,79859904,2026-09-11 11:37:24.000,WhatsApp9696,USER,,delivered,2026-09-11 11:37:19.000,2026-09-11 11:37:19.000,2026-09-11 11:37:19.000
867876343,79859904,2026-09-11 11:37:25.000,WhatsApp9696,USER,,delivered,2026-09-11 11:37:19.000,2026-09-11 11:37:19.000,2026-09-11 11:37:19.000
867876394,79859904,2026-09-11 11:37:25.000,WhatsApp9696,USER,,delivered,2026-09-11 11:37:19.000,2026-09-11 11:37:19.000,2026-09-11 11:37:19.000
867876474,79859904,2026-09-11 11:37:26.000,WhatsApp9696,USER,,delivered,2026-09-11 11:37:20.000,2026-09-11 11:37:20.000,2026-09-11 11:37:20.000
867876491,79859904,2026-09-11 11:37:26.000,WhatsApp9696,USER,,delivered,2026-09-11 11:37:20.000,2026-09-11 11:37:20.000,2026-09-11 11:37:20.000
867876561,79859904,2026-09-11 11:37:26.000,WhatsApp9696,USER,,delivered,2026-09-11 11:37:20.000,2026-09-11 11:37:20.000,2026-09-11 11:37:20.000
867876615,79859904,2026-09-11 11:37:27.000,WhatsApp9696,USER,,delivered,2026-09-11 11:37:21.000,2026-09-11 11:37:21.000,2026-09-11 11:37:21.000
867876722,79859904,2026-09-11 11:37:28.000,WhatsApp9696,USER,,delivered,2026-09-11 11:37:21.000,2026-09-11 11:37:21.000,2026-09-11 11:37:21.000
867876795,79859904,2026-09-11 11:37:28.000,WhatsApp9696,USER,,delivered,2026-09-11 11:37:22.000,2026-09-11 11:37:22.000,2026-09-11 11:37:22.000
867876856,79859904,2026-09-11 11:37:29.000,WhatsApp9696,USER,,delivered,2026-09-11 11:37:22.000,2026-09-11 11:37:22.000,2026-09-11 11:37:22.000
867876890,79859904,2026-09-11 11:37:28.000,WhatsApp9696,USER,,delivered,2026-09-11 11:37:22.000,2026-09-11 11:37:22.000,2026-09-11 11:37:22.000
867876983,79859904,2026-09-11 11:37:29.000,WhatsApp9696,USER,,delivered,2026-09-11 11:37:23.000,2026-09-11 11:37:23.000,2026-09-11 11:37:23.000
867876990,79859904,2026-09-11 11:37:30.000,WhatsApp9696,USER,,delivered,2026-09-11 11:37:23.000,2026-09-11 11:37:23.000,2026-09-11 11:37:23.000
867877102,79859904,2026-09-11 11:37:30.000,WhatsApp9696,USER,,delivered,2026-09-11 11:37:24.000,2026-09-11 11:37:24.000,2026-09-11 11:37:24.000
867877166,79859904,2026-09-11 11:37:31.000,WhatsApp9696,USER,,delivered,2026-09-11 11:37:23.000,2026-09-11 11:37:23.000,2026-09-11 11:37:23.000
867877300,79859904,2026-09-11 11:37:31.000,WhatsApp9696,USER,,delivered,2026-09-11 11:37:24.000,2026-09-11 11:37:24.000,2026-09-11 11:37:24.000
867877332,79859904,2026-09-11 11:37:32.000,WhatsApp9696,USER,,delivered,2026-09-11 11:37:24.000,2026-09-11 11:37:24.000,2026-09-11 11:37:24.000
867877422,79859904,2026-09-11 11:37:32.000,WhatsApp9696,USER,,delivered,2026-09-11 11:37:25.000,2026-09-11 11:37:25.000,2026-09-11 11:37:25.000
867877522,79859904,2026-09-11 11:37:34.000,WhatsApp9696,USER,,delivered,2026-09-11 11:37:25.000,2026-09-11 11:37:25.000,
867877656,79859904,2026-09-11 11:37:34.000,WhatsApp9696,USER,,delivered,2026-09-11 11:37:25.000,2026-09-11 11:37:25.000,2026-09-11 11:37:25.000
867877725,79859904,2026-09-11 11:37:35.000,WhatsApp9696,USER,,delivered,2026-09-11 11:37:26.000,2026-09-11 11:37:26.000,2026-09-11 11:37:26.000
867877751,79859904,2026-09-11 11:37:35.000,WhatsApp9696,USER,,delivered,2026-09-11 11:37:26.000,2026-09-11 11:37:26.000,2026-09-11 11:37:26.000
867877804,79859904,2026-09-11 11:37:34.000,WhatsApp9696,USER,,delivered,2026-09-11 11:37:26.000,2026-09-11 11:37:26.000,2026-09-11 11:37:26.000
867877836,79859904,2026-09-11 11:37:37.000,WhatsApp9696,USER,,delivered,2026-09-11 11:37:27.000,2026-09-11 11:37:27.000,
867877922,79859904,2026-09-11 11:37:36.000,WhatsApp9696,USER,,delivered,2026-09-11 11:37:29.000,2026-09-11 11:37:29.000,2026-09-11 11:37:29.000
867877925,79859904,2026-09-11 11:37:36.000,WhatsApp9696,USER,,delivered,2026-09-11 11:37:27.000,2026-09-11 11:37:27.000,2026-09-11 11:37:27.000
867878039,79859904,2026-09-11 11:37:37.000,WhatsApp9696,USER,,delivered,2026-09-11 11:37:29.000,2026-09-11 11:37:29.000,2026-09-11 11:37:29.000
867878132,79859904,2026-09-11 11:37:38.000,WhatsApp9696,USER,,delivered,2026-09-11 11:37:30.000,2026-09-11 11:37:30.000,2026-09-11 11:37:30.000
867878178,79859904,2026-09-11 11:37:38.000,WhatsApp9696,USER,,delivered,2026-09-11 11:37:29.000,2026-09-11 11:37:29.000,2026-09-11 11:37:29.000
867878213,79859904,2026-09-11 11:37:38.000,WhatsApp9696,USER,,delivered,2026-09-11 11:37:30.000,2026-09-11 11:37:30.000,2026-09-11 11:37:30.000
867878364,79859904,2026-09-11 11:37:39.000,WhatsApp9696,USER,,delivered,2026-09-11 11:37:31.000,2026-09-11 11:37:31.000,2026-09-11 11:37:31.000
867878389,79859904,2026-09-11 11:37:39.000,WhatsApp9696,USER,,delivered,2026-09-11 11:37:31.000,2026-09-11 11:37:31.000,2026-09-11 11:37:31.000
867878528,79859904,2026-09-11 11:37:42.000,WhatsApp9696,USER,,delivered,2026-09-11 11:37:32.000,2026-09-11 11:37:32.000,
867878547,79859904,2026-09-11 11:37:40.000,WhatsApp9696,USER,,delivered,2026-09-11 11:37:33.000,2026-09-11 11:37:33.000,2026-09-11 11:37:33.000
867878548,79859904,2026-09-11 11:37:41.000,WhatsApp9696,USER,,delivered,2026-09-11 11:37:33.000,2026-09-11 11:37:33.000,2026-09-11 11:37:33.000
867878675,79859904,2026-09-11 11:37:41.000,WhatsApp9696,USER,,delivered,2026-09-11 11:37:33.000,2026-09-11 11:37:33.000,2026-09-11 11:37:33.000
867878740,79859904,2026-09-11 11:37:42.000,WhatsApp9696,USER,,delivered,2026-09-11 11:37:34.000,2026-09-11 11:37:34.000,2026-09-11 11:37:34.000
867878764,79859904,2026-09-11 11:37:42.000,WhatsApp9696,USER,,delivered,2026-09-11 11:37:34.000,2026-09-11 11:37:34.000,2026-09-11 11:37:34.000
867878878,79859904,2026-09-11 11:37:43.000,WhatsApp9696,USER,,delivered,2026-09-11 11:37:35.000,2026-09-11 11:37:35.000,2026-09-11 11:37:35.000
867878925,79859904,2026-09-11 11:37:44.000,WhatsApp9696,USER,,delivered,2026-09-11 11:37:36.000,2026-09-11 11:37:36.000,2026-09-11 11:37:36.000
867878941,79859904,2026-09-11 11:37:45.000,WhatsApp9696,USER,,delivered,2026-09-11 11:37:34.000,2026-09-11 11:37:34.000,
867879043,79859904,2026-09-11 11:37:45.000,WhatsApp9696,USER,,delivered,2026-09-11 11:37:38.000,2026-09-11 11:37:38.000,2026-09-11 11:37:38.000
867879149,79859904,2026-09-11 11:37:45.000,WhatsApp9696,USER,,delivered,2026-09-11 11:37:36.000,2026-09-11 11:37:36.000,2026-09-11 11:37:36.000
867879150,79859904,2026-09-11 11:37:45.000,WhatsApp9696,USER,,delivered,2026-09-11 11:37:37.000,2026-09-11 11:37:37.000,2026-09-11 11:37:37.000
867879156,79859904,2026-09-11 11:37:45.000,WhatsApp9696,USER,,delivered,2026-09-11 11:37:36.000,2026-09-11 11:37:36.000,2026-09-11 11:37:36.000
867879267,79859904,2026-09-11 11:37:45.000,WhatsApp9696,USER,,delivered,2026-09-11 11:37:37.000,2026-09-11 11:37:37.000,2026-09-11 11:37:37.000
867879286,79859904,2026-09-11 11:37:46.000,WhatsApp9696,USER,,delivered,2026-09-11 11:37:37.000,2026-09-11 11:37:37.000,2026-09-11 11:37:37.000
867879380,79859904,2026-09-11 11:37:47.000,WhatsApp9696,USER,,delivered,2026-09-11 11:37:38.000,2026-09-11 11:37:38.000,2026-09-11 11:37:38.000
867879492,79859904,2026-09-11 11:37:47.000,WhatsApp9696,USER,,delivered,2026-09-11 11:37:38.000,2026-09-11 11:37:38.000,2026-09-11 11:37:38.000
867880667,79859904,2026-09-11 11:37:57.000,WhatsApp9696,API,add_to_catalog_paid,read,2026-09-11 11:37:46.000,2026-09-11 11:37:49.000,2026-09-11 11:38:17.000
916230714,131750605,2026-09-19 23:23:18.000,WhatsApp9696,API,8047795189_airtel_astbuy18,read,2026-09-19 23:23:10.000,2026-09-19 23:23:15.000,2026-09-24 13:10:59.000
869191512,131750605,2026-09-11 16:33:08.000,WhatsApp9696,API,,read,2026-09-11 16:33:00.000,2026-09-11 16:33:02.000,2026-09-17 12:15:49.000
453497086,94579284,2026-04-21 12:50:15.000,WhatsApp9696,API,,READ,2026-04-21 12:50:09.000,2026-04-21 12:50:10.000,2026-04-21 13:21:07.000
916463266,131750605,2026-09-20 01:31:51.000,WhatsApp9696,API,,failed,2026-09-20 01:08:23.000,,
916476879,131750605,2026-09-20 01:38:24.000,WhatsApp9696,API,,failed,2026-09-20 01:16:00.000,,
453780323,94579284,2026-04-21 14:29:11.000,WhatsApp9696,API,,READ,2026-04-21 14:29:05.000,2026-04-21 14:29:08.000,2026-04-21 16:26:14.000
870635378,131750605,2026-09-11 20:19:32.000,WhatsApp9696,API,7949082251_airtel_astbuy10,read,2026-09-11 20:19:24.000,2026-09-11 20:19:26.000,2026-09-17 12:15:49.000
870257213,131750605,2026-09-11 19:16:17.000,WhatsApp9696,API,,read,2026-09-11 19:16:07.000,2026-09-11 19:16:11.000,2026-09-17 12:15:49.000
916634422,131750605,2026-09-20 06:35:35.000,WhatsApp9696,API,7942968633_airtel_astbuy10,read,2026-09-20 06:35:27.000,2026-09-20 06:35:32.000,2026-09-24 13:10:59.000
870279617,131750605,2026-09-11 19:19:48.000,WhatsApp9696,API,,read,2026-09-11 19:19:39.000,2026-09-11 19:19:40.000,2026-09-17 12:15:49.000
870759099,94579284,2026-09-11 20:41:25.000,WhatsApp9696,API,8047662588_airtel_astbuy10,read,2026-09-11 20:41:18.000,2026-09-11 20:41:21.000,2026-09-11 21:03:11.000
870370591,131750605,2026-09-11 19:35:38.000,WhatsApp9696,API,,read,2026-09-11 19:35:30.000,2026-09-11 19:35:32.000,2026-09-17 12:15:49.000
871962419,94579284,2026-09-12 08:43:42.000,WhatsApp9696,API,8047795189_airtel_astbuy10,read,2026-09-12 08:43:35.000,2026-09-12 08:45:34.000,2026-09-12 08:46:02.000
917166206,103509296,2026-09-20 09:36:58.000,WhatsApp8181,API,ai_photo_hinglish_temp,read,2026-09-20 09:36:51.000,2026-09-20 09:36:53.000,2026-09-20 20:23:44.000
871585449,131750605,2026-09-12 01:40:02.000,WhatsApp9696,API,,read,2026-09-12 01:39:52.000,2026-09-12 01:39:54.000,2026-09-17 12:15:49.000
871850604,94579284,2026-09-12 07:51:55.000,WhatsApp9696,API,,failed,2026-09-12 07:51:47.000,,
871871893,94579284,2026-09-12 08:02:50.000,WhatsApp9696,API,,failed,2026-09-12 08:02:41.000,,
871900080,94579284,2026-09-12 08:16:26.000,WhatsApp9696,API,,failed,2026-09-12 08:16:19.000,,
871903312,94579284,2026-09-12 08:18:01.000,WhatsApp9696,API,,failed,2026-09-12 08:17:52.000,,
871906876,94579284,2026-09-12 08:19:38.000,WhatsApp9696,API,,failed,2026-09-12 08:19:31.000,,
874672483,94579284,2026-09-12 15:16:03.000,WhatsApp9696,API,8047806912_airtel_astbuy10,read,2026-09-12 15:15:50.000,2026-09-12 15:15:54.000,2026-09-12 15:20:25.000
953433130,94579284,2026-09-26 11:53:39.000,WhatsApp9696,API,8047625310_airtel_oncall1,read,2026-09-26 11:53:28.000,2026-09-26 11:53:34.000,2026-09-26 11:57:31.000
953964263,94579284,2026-09-26 13:11:03.000,WhatsApp9696,API,,failed,2026-09-26 13:10:54.000,,
980800303,79859904,2026-10-01 11:34:46.000,WhatsApp9696,API,copy_payment_invoice_2qr_aug26,read,2026-10-01 11:34:39.000,2026-10-01 11:34:41.000,2026-10-01 11:55:52.000
960405587,94579284,2026-09-27 17:14:12.000,WhatsApp9696,API,,read,2026-09-27 17:14:03.000,2026-09-27 17:14:04.000,2026-09-27 17:14:22.000
960416507,94579284,2026-09-27 17:16:45.000,WhatsApp9696,API,,read,2026-09-27 17:16:38.000,2026-09-27 17:16:38.000,2026-09-27 17:16:38.000
924839252,79859904,2026-09-21 16:01:15.000,WhatsApp9696,API,paid_seller_feedback_sep25_1,read,2026-09-21 16:01:08.000,2026-09-21 16:01:11.000,2026-09-21 16:13:56.000
957210056,94579284,2026-09-26 23:38:04.000,WhatsApp9696,API,,failed,2026-09-26 23:37:56.000,,
629988867,79859904,2026-06-30 13:18:36.000,WhatsApp9696,API,,read,2026-06-30 13:18:29.000,2026-06-30 13:18:29.000,2026-06-30 13:20:05.000
957223834,94579284,2026-09-26 23:44:18.000,WhatsApp9696,API,,failed,2026-09-26 23:44:09.000,,
957225571,94579284,2026-09-26 23:45:06.000,WhatsApp9696,API,,failed,2026-09-26 23:45:00.000,,
957241095,94579284,2026-09-26 23:52:13.000,WhatsApp9696,API,,failed,2026-09-26 23:52:06.000,,
957284596,94579284,2026-09-27 00:15:32.000,WhatsApp9696,API,,failed,2026-09-27 00:15:23.000,,
957304803,94579284,2026-09-27 00:29:16.000,WhatsApp9696,API,,failed,2026-09-27 00:29:08.000,,
957330522,94579284,2026-09-27 00:49:22.000,WhatsApp9696,API,,failed,2026-09-27 00:49:12.000,,
957348989,94579284,2026-09-27 01:06:39.000,WhatsApp9696,API,,failed,2026-09-27 01:06:31.000,,
931246453,85065237,2026-09-22 16:31:46.000,WhatsApp8181,API,ai_photo_hinglish_gujarati_1,read,2026-09-22 16:31:38.000,2026-09-22 16:31:41.000,2026-09-24 11:52:07.000
934810367,85065237,2026-09-23 10:04:53.000,WhatsApp8181,API,ai_nudge_13_1,read,2026-09-23 10:04:44.000,2026-09-23 10:04:50.000,2026-09-24 11:52:07.000
469595448,85065237,2026-04-28 11:25:45.000,WhatsApp9696,USER,,DELIVERED,2026-04-28 11:25:42.000,2026-04-28 11:25:42.000,
469596334,85065237,2026-04-28 11:25:58.000,WhatsApp9696,API,,SENT,2026-04-28 11:25:46.000,,
959612384,131750605,2026-09-27 14:21:49.000,WhatsApp8181,API,ai_photo_hinglish_temp,read,2026-09-27 14:21:39.000,2026-09-27 14:21:42.000,2026-09-28 12:41:07.000
960187600,94579284,2026-09-27 16:27:54.000,WhatsApp9696,API,7942616554_airtel_oncall1,read,2026-09-27 16:27:45.000,2026-09-27 16:27:47.000,2026-09-27 16:27:51.000
960190625,94579284,2026-09-27 16:28:41.000,WhatsApp9696,API,9696_airtel_8047825943_bl,read,2026-09-27 16:28:30.000,2026-09-27 16:28:34.000,2026-09-27 16:28:43.000
960192356,94579284,2026-09-27 16:29:07.000,WhatsApp9696,API,9696_airtel_7942625041_bl,read,2026-09-27 16:28:58.000,2026-09-27 16:29:01.000,2026-09-27 16:31:07.000
960200221,94579284,2026-09-27 16:31:00.000,WhatsApp9696,API,9696_airtel_8047817531_bl,read,2026-09-27 16:30:52.000,2026-09-27 16:30:53.000,2026-09-27 16:31:07.000
960321538,94579284,2026-09-27 16:59:25.000,WhatsApp9696,API,9696_airtel_7942545532_bl,read,2026-09-27 16:59:16.000,2026-09-27 16:59:17.000,2026-09-27 17:00:11.000
960359242,94579284,2026-09-27 17:07:30.000,WhatsApp9696,API,,failed,2026-09-27 17:07:25.000,,
960371269,94579284,2026-09-27 17:09:01.000,WhatsApp9696,USER,,delivered,2026-09-27 17:08:59.000,2026-09-27 17:08:59.000,2026-09-27 17:08:59.000
960372295,94579284,2026-09-27 17:09:08.000,WhatsApp9696,API,,read,2026-09-27 17:09:02.000,2026-09-27 17:09:03.000,2026-09-27 17:09:06.000
960372464,94579284,2026-09-27 17:09:10.000,WhatsApp9696,API,,read,2026-09-27 17:09:02.000,2026-09-27 17:09:06.000,2026-09-27 17:09:06.000
960401344,94579284,2026-09-27 17:13:16.000,WhatsApp9696,API,,read,2026-09-27 17:13:07.000,2026-09-27 17:13:08.000,2026-09-27 17:13:11.000
960404756,94579284,2026-09-27 17:14:01.000,WhatsApp9696,API,,read,2026-09-27 17:13:55.000,2026-09-27 17:13:55.000,2026-09-27 17:14:01.000
960405617,94579284,2026-09-27 17:14:12.000,WhatsApp9696,API,,read,2026-09-27 17:14:05.000,2026-09-27 17:14:05.000,2026-09-27 17:14:22.000
960414170,94579284,2026-09-27 17:16:18.000,WhatsApp9696,API,,read,2026-09-27 17:16:11.000,2026-09-27 17:16:12.000,2026-09-27 17:16:17.000
960414360,94579284,2026-09-27 17:16:21.000,WhatsApp9696,USER,,delivered,2026-09-27 17:16:20.000,2026-09-27 17:16:20.000,2026-09-27 17:16:20.000
960414846,94579284,2026-09-27 17:16:27.000,WhatsApp9696,API,,read,2026-09-27 17:16:22.000,2026-09-27 17:16:22.000,2026-09-27 17:16:22.000
960415086,94579284,2026-09-27 17:16:30.000,WhatsApp9696,API,,read,2026-09-27 17:16:23.000,2026-09-27 17:16:25.000,2026-09-27 17:16:25.000
960415718,94579284,2026-09-27 17:16:37.000,WhatsApp9696,USER,,delivered,2026-09-27 17:16:35.000,2026-09-27 17:16:35.000,2026-09-27 17:16:35.000
960416262,94579284,2026-09-27 17:16:43.000,WhatsApp9696,USER,,delivered,2026-09-27 17:16:41.000,2026-09-27 17:16:41.000,2026-09-27 17:16:41.000
960416341,94579284,2026-09-27 17:16:43.000,WhatsApp9696,API,,read,2026-09-27 17:16:39.000,2026-09-27 17:16:39.000,2026-09-27 17:16:39.000
960416343,94579284,2026-09-27 17:16:43.000,WhatsApp9696,API,,read,2026-09-27 17:16:38.000,2026-09-27 17:16:39.000,2026-09-27 17:16:39.000
960416507,94579284,2026-09-27 17:16:45.000,WhatsApp9696,API,,sent,2026-09-27 17:16:38.000,2026-09-27 17:16:38.000,2026-09-27 17:16:38.000
960715001,94579284,2026-09-27 18:07:22.000,WhatsApp9696,API,9696_airtel_7942616886_bl,delivered,2026-09-27 18:07:13.000,2026-09-27 18:07:15.000,
942226867,131750605,2026-09-24 12:43:44.000,WhatsApp9696,API,9696_airtel_7942666273_astbuy2,read,2026-09-24 12:43:38.000,2026-09-24 12:43:42.000,2026-09-24 13:10:59.000
942227019,131750605,2026-09-24 12:43:45.000,WhatsApp9696,API,9696_airtel_8047806912_astbuy2,read,2026-09-24 12:43:37.000,2026-09-24 12:43:42.000,2026-09-24 13:10:59.000
942230481,131750605,2026-09-24 12:44:17.000,WhatsApp9696,API,oncall_astbuy_2,read,2026-09-24 12:44:08.000,2026-09-24 12:44:11.000,2026-09-24 13:10:59.000
942271871,131750605,2026-09-24 12:50:04.000,WhatsApp9696,API,9696_airtel_7942562522_bl,read,2026-09-24 12:49:57.000,2026-09-24 12:49:58.000,2026-09-24 13:10:59.000
942981015,131750605,2026-09-24 14:38:09.000,WhatsApp9696,API,9696_airtel_7949330891_bl,delivered,2026-09-24 14:38:00.000,2026-09-24 14:38:11.000,
943617512,131750605,2026-09-24 16:19:59.000,WhatsApp9696,API,,failed,2026-09-24 16:19:51.000,,
946414742,79859904,2026-09-25 08:26:02.000,WhatsApp9696,USER,,delivered,2026-09-25 08:26:00.000,2026-09-25 08:26:00.000,2026-09-25 08:26:00.000
946415035,79859904,2026-09-25 08:26:11.000,WhatsApp9696,API,,read,2026-09-25 08:26:02.000,2026-09-25 08:26:03.000,2026-09-25 08:26:15.000
946415072,79859904,2026-09-25 08:26:12.000,WhatsApp9696,API,,read,2026-09-25 08:26:03.000,2026-09-25 08:26:04.000,2026-09-25 08:26:15.000
946415505,79859904,2026-09-25 08:26:25.000,WhatsApp9696,USER,,delivered,2026-09-25 08:26:23.000,2026-09-25 08:26:23.000,2026-09-25 08:26:23.000
946415733,79859904,2026-09-25 08:26:31.000,WhatsApp9696,API,,read,2026-09-25 08:26:26.000,2026-09-25 08:26:26.000,2026-09-25 08:26:26.000
946415897,79859904,2026-09-25 08:26:36.000,WhatsApp9696,USER,,delivered,2026-09-25 08:26:35.000,2026-09-25 08:26:35.000,2026-09-25 08:26:35.000
946416103,79859904,2026-09-25 08:26:42.000,WhatsApp9696,API,,read,2026-09-25 08:26:39.000,2026-09-25 08:26:38.000,2026-09-25 08:26:38.000
946416115,79859904,2026-09-25 08:26:43.000,WhatsApp9696,API,,read,2026-09-25 08:26:37.000,2026-09-25 08:26:38.000,2026-09-25 08:26:38.000
946416261,79859904,2026-09-25 08:26:47.000,WhatsApp9696,USER,,delivered,2026-09-25 08:26:46.000,2026-09-25 08:26:46.000,2026-09-25 08:26:46.000
946416454,79859904,2026-09-25 08:26:54.000,WhatsApp9696,USER,,delivered,2026-09-25 08:26:52.000,2026-09-25 08:26:52.000,2026-09-25 08:26:52.000
946416488,79859904,2026-09-25 08:26:55.000,WhatsApp9696,API,,read,2026-09-25 08:26:50.000,2026-09-25 08:26:50.000,2026-09-25 08:26:50.000
946416693,79859904,2026-09-25 08:27:00.000,WhatsApp9696,API,,read,2026-09-25 08:26:55.000,2026-09-25 08:26:55.000,2026-09-25 08:26:55.000
946417846,79859904,2026-09-25 08:27:30.000,WhatsApp9696,USER,,delivered,2026-09-25 08:27:27.000,2026-09-25 08:27:27.000,2026-09-25 08:27:27.000
946417878,79859904,2026-09-25 08:27:32.000,WhatsApp9696,USER,,delivered,2026-09-25 08:27:27.000,2026-09-25 08:27:27.000,
946418263,79859904,2026-09-25 08:27:46.000,WhatsApp9696,API,wa96_ty_card_airtel_7942616554,read,2026-09-25 08:27:39.000,2026-09-25 08:27:40.000,2026-09-25 08:27:42.000
946418982,79859904,2026-09-25 08:28:09.000,WhatsApp9696,API,9696_airtel_7942625041_astbuy2,read,2026-09-25 08:28:02.000,2026-09-25 08:28:02.000,2026-09-25 08:28:33.000
946419067,79859904,2026-09-25 08:28:12.000,WhatsApp9696,API,9696_airtel_8047662588_astbuy2,read,2026-09-25 08:28:01.000,2026-09-25 08:28:05.000,2026-09-25 08:28:33.000
946419962,79859904,2026-09-25 08:28:38.000,WhatsApp9696,API,9696_airtel_8048204326_bl,read,2026-09-25 08:28:29.000,2026-09-25 08:28:33.000,2026-09-25 08:28:33.000
946445850,79859904,2026-09-25 08:40:58.000,WhatsApp9696,API,9696_airtel_7942545532_bl,read,2026-09-25 08:40:50.000,2026-09-25 08:40:51.000,2026-09-25 08:54:50.000
946461538,79859904,2026-09-25 08:48:12.000,WhatsApp9696,API,9696_airtel_8047649089_bl,read,2026-09-25 08:48:05.000,2026-09-25 08:48:06.000,2026-09-25 08:54:50.000
946472707,79859904,2026-09-25 08:52:59.000,WhatsApp9696,API,9696_airtel_7942616886_bl,read,2026-09-25 08:52:50.000,2026-09-25 08:52:53.000,2026-09-25 08:54:50.000
946474722,79859904,2026-09-25 08:53:50.000,WhatsApp9696,API,9696_airtel_8047673911_bl,read,2026-09-25 08:53:42.000,2026-09-25 08:53:44.000,2026-09-25 08:54:50.000
629993689,79859904,2026-06-30 13:20:13.000,WhatsApp9696,USER,,delivered,2026-06-30 13:20:12.000,2026-06-30 13:20:12.000,2026-06-30 13:20:12.000
629994621,79859904,2026-06-30 13:20:31.000,WhatsApp9696,API,,read,2026-06-30 13:20:24.000,2026-06-30 13:20:25.000,2026-06-30 13:20:33.000
629994732,79859904,2026-06-30 13:20:32.000,WhatsApp9696,API,,read,2026-06-30 13:20:25.000,2026-06-30 13:20:26.000,2026-06-30 13:20:33.000
630006463,79859904,2026-06-30 13:24:05.000,WhatsApp9696,API,,read,2026-06-30 13:23:59.000,2026-06-30 13:24:00.000,2026-06-30 13:24:19.000
630006854,79859904,2026-06-30 13:24:12.000,WhatsApp9696,API,,read,2026-06-30 13:24:06.000,2026-06-30 13:24:06.000,2026-06-30 13:24:19.000
630007003,79859904,2026-06-30 13:24:14.000,WhatsApp9696,API,,read,2026-06-30 13:24:08.000,2026-06-30 13:24:10.000,2026-06-30 13:24:19.000
811984642,79859904,2026-08-30 12:49:06.000,WhatsApp9696,USER,,delivered,2026-08-30 12:49:05.000,2026-08-30 12:49:05.000,2026-08-30 12:49:05.000
811984944,79859904,2026-08-30 12:49:12.000,WhatsApp9696,API,,read,2026-08-30 12:49:08.000,2026-08-30 12:49:08.000,2026-08-30 12:49:08.000
811985119,79859904,2026-08-30 12:49:16.000,WhatsApp9696,USER,,delivered,2026-08-30 12:49:15.000,2026-08-30 12:49:15.000,2026-08-30 12:49:15.000
811985519,79859904,2026-08-30 12:49:23.000,WhatsApp9696,API,,read,2026-08-30 12:49:18.000,2026-08-30 12:49:18.000,2026-08-30 12:49:18.000
811985847,79859904,2026-08-30 12:49:30.000,WhatsApp9696,USER,,delivered,2026-08-30 12:49:28.000,2026-08-30 12:49:28.000,2026-08-30 12:49:28.000
811986144,79859904,2026-08-30 12:49:36.000,WhatsApp9696,API,,read,2026-08-30 12:49:31.000,2026-08-30 12:49:31.000,2026-08-30 12:49:31.000
811989642,79859904,2026-08-30 12:50:42.000,WhatsApp9696,USER,,delivered,2026-08-30 12:50:38.000,2026-08-30 12:50:38.000,2026-08-30 12:50:38.000
811990479,79859904,2026-08-30 12:50:59.000,WhatsApp9696,API,airtel_var8_7948548460_new,read,2026-08-30 12:50:48.000,2026-08-30 12:50:54.000,2026-08-30 12:50:54.000
812014346,79859904,2026-08-30 12:58:04.000,WhatsApp9696,USER,,delivered,2026-08-30 12:58:02.000,2026-08-30 12:58:02.000,2026-08-30 12:58:02.000
812014737,79859904,2026-08-30 12:58:11.000,WhatsApp9696,API,,read,2026-08-30 12:58:05.000,2026-08-30 12:58:05.000,2026-08-30 12:58:05.000
812015088,79859904,2026-08-30 12:58:17.000,WhatsApp9696,USER,,delivered,2026-08-30 12:58:16.000,2026-08-30 12:58:16.000,2026-08-30 12:58:16.000
812015547,79859904,2026-08-30 12:58:26.000,WhatsApp9696,API,,read,2026-08-30 12:58:19.000,2026-08-30 12:58:22.000,2026-08-30 12:58:22.000
812016404,79859904,2026-08-30 12:58:39.000,WhatsApp9696,USER,,delivered,2026-08-30 12:58:36.000,2026-08-30 12:58:36.000,2026-08-30 12:58:36.000
812017278,79859904,2026-08-30 12:58:57.000,WhatsApp9696,API,airtel_var8_7942625649_new,read,2026-08-30 12:58:45.000,2026-08-30 12:58:52.000,2026-08-30 12:58:52.000
812171336,79859904,2026-08-30 13:50:59.000,WhatsApp9696,API,nonts_airtel_7942625649_new,read,2026-08-30 13:50:50.000,2026-08-30 13:51:03.000,2026-08-30 13:51:25.000
946727052,79859904,2026-09-25 09:27:44.000,WhatsApp9696,API,wa96_ts_1_hr_v4_airtel_7942616554,read,2026-09-25 09:27:36.000,2026-09-25 09:27:37.000,2026-09-25 09:41:41.000
475033648,43232668,2026-04-30 14:23:35.000,WhatsApp9696,API,,SENT,2026-04-30 14:23:29.000,,
709718440,108096179,2026-07-28 13:05:53.000,WhatsApp9696,USER,,delivered,2026-07-28 13:05:52.000,2026-07-28 13:05:52.000,2026-07-28 13:05:52.000
709719088,108096179,2026-07-28 13:06:01.000,WhatsApp9696,API,,read,2026-07-28 13:05:55.000,2026-07-28 13:05:55.000,2026-07-28 13:06:13.000
709719194,108096179,2026-07-28 13:06:02.000,WhatsApp9696,API,,read,2026-07-28 13:05:55.000,2026-07-28 13:05:56.000,2026-07-28 13:06:13.000
709742527,108096179,2026-07-28 13:11:04.000,WhatsApp9696,API,,delivered,2026-07-28 13:10:57.000,2026-07-28 13:11:00.000,
962762177,131750605,2026-09-28 09:37:15.000,WhatsApp8181,API,ai_nudge_13_1,read,2026-09-28 09:37:07.000,2026-09-28 09:37:10.000,2026-09-28 12:41:07.000
709757301,108096179,2026-07-28 13:16:05.000,WhatsApp9696,API,,delivered,2026-07-28 13:15:58.000,2026-07-28 14:18:19.000,
709757387,108096179,2026-07-28 13:16:06.000,WhatsApp9696,API,,delivered,2026-07-28 13:16:00.000,2026-07-28 14:18:21.000,
709758129,108096179,2026-07-28 13:16:18.000,WhatsApp9696,API,7942613079_airtel_astbuy12,delivered,2026-07-28 13:16:11.000,2026-07-28 14:18:21.000,
709758158,108096179,2026-07-28 13:16:19.000,WhatsApp9696,API,8047662588_airtel_astbuy12,delivered,2026-07-28 13:16:12.000,2026-07-28 14:18:21.000,
710144503,108096179,2026-07-28 15:12:09.000,WhatsApp9696,API,8047625310_airtel_astbuy10,delivered,2026-07-28 15:12:02.000,2026-07-28 15:12:03.000,
710570950,108096179,2026-07-28 17:13:58.000,WhatsApp9696,API,8047825943_airtel_astbuy10,delivered,2026-07-28 17:13:52.000,2026-07-28 17:13:53.000,
969589335,94579284,2026-09-29 11:49:32.000,WhatsApp9696,API,7948217043_airtel_oncall1,read,2026-09-29 11:49:24.000,2026-09-29 11:49:26.000,2026-09-29 12:02:49.000
970270031,94579284,2026-09-29 13:31:17.000,WhatsApp9696,API,,failed,2026-09-29 13:31:11.000,,
969723696,94579284,2026-09-29 12:09:11.000,WhatsApp9696,API,9696_airtel_7942794500_bl,read,2026-09-29 12:09:04.000,2026-09-29 12:09:06.000,2026-09-29 12:21:01.000
970292897,94579284,2026-09-29 13:34:45.000,WhatsApp9696,API,,failed,2026-09-29 13:34:38.000,,
970349098,94579284,2026-09-29 13:43:40.000,WhatsApp9696,API,,failed,2026-09-29 13:43:33.000,,
970349663,94579284,2026-09-29 13:43:45.000,WhatsApp9696,API,,failed,2026-09-29 13:43:38.000,,
969796226,94579284,2026-09-29 12:20:03.000,WhatsApp9696,API,9696_airtel_8047830324_bl,read,2026-09-29 12:19:56.000,2026-09-29 12:19:57.000,2026-09-29 12:21:01.000
970369544,94579284,2026-09-29 13:47:05.000,WhatsApp9696,API,,failed,2026-09-29 13:46:58.000,,
970503636,94579284,2026-09-29 14:07:52.000,WhatsApp9696,API,9696_airtel_8047625383_bl,read,2026-09-29 14:07:41.000,2026-09-29 14:07:46.000,2026-09-30 08:11:27.000
970207417,94579284,2026-09-29 13:21:46.000,WhatsApp9696,API,,failed,2026-09-29 13:21:40.000,,
973447030,94579284,2026-09-29 23:52:03.000,WhatsApp9696,API,,failed,2026-09-29 23:51:57.000,,
806697028,180758079,2026-08-28 14:10:58.000,WhatsApp9696,USER,,delivered,2026-08-28 14:10:56.000,2026-08-28 14:10:56.000,2026-08-28 14:10:56.000
806697097,180758079,2026-08-28 14:11:00.000,WhatsApp9696,USER,,delivered,2026-08-28 14:10:58.000,2026-08-28 14:10:58.000,2026-08-28 14:10:58.000
806697341,180758079,2026-08-28 14:11:06.000,WhatsApp9696,API,,read,2026-08-28 14:11:00.000,2026-08-28 14:11:01.000,2026-08-28 14:11:01.000
806697343,180758079,2026-08-28 14:11:06.000,WhatsApp9696,API,,read,2026-08-28 14:11:00.000,2026-08-28 14:11:01.000,2026-08-28 14:11:01.000
806697391,180758079,2026-08-28 14:11:07.000,WhatsApp9696,USER,,delivered,2026-08-28 14:11:06.000,2026-08-28 14:11:06.000,2026-08-28 14:11:06.000
806697405,180758079,2026-08-28 14:11:08.000,WhatsApp9696,API,,read,2026-08-28 14:11:04.000,2026-08-28 14:11:04.000,2026-08-28 14:11:04.000
806697723,180758079,2026-08-28 14:11:16.000,WhatsApp9696,API,,read,2026-08-28 14:11:09.000,2026-08-28 14:11:09.000,2026-08-28 14:11:29.000
806740104,180758079,2026-08-28 14:27:11.000,WhatsApp9696,API,8047662588_airtel_astbuy12,read,2026-08-28 14:27:02.000,2026-08-28 14:27:05.000,2026-08-28 14:28:44.000
806740112,180758079,2026-08-28 14:27:12.000,WhatsApp9696,API,8047625310_airtel_astbuy12,read,2026-08-28 14:27:02.000,2026-08-28 14:27:05.000,2026-08-28 14:28:44.000
806741173,180758079,2026-08-28 14:27:35.000,WhatsApp9696,API,7942613079_airtel_astbuy10,read,2026-08-28 14:27:29.000,2026-08-28 14:27:29.000,2026-08-28 14:28:44.000
806742684,180758079,2026-08-28 14:28:09.000,WhatsApp9696,API,7942616554_airtel_astbuy10,read,2026-08-28 14:27:59.000,2026-08-28 14:28:02.000,2026-08-28 14:28:44.000
806749210,180758079,2026-08-28 14:30:44.000,WhatsApp9696,API,8047825943_airtel_astbuy10,read,2026-08-28 14:30:36.000,2026-08-28 14:30:39.000,2026-08-28 14:30:42.000
806754020,180758079,2026-08-28 14:32:31.000,WhatsApp9696,API,,read,2026-08-28 14:32:24.000,2026-08-28 14:32:25.000,2026-08-28 14:33:59.000
806766899,180758079,2026-08-28 14:37:40.000,WhatsApp9696,API,8047817531_airtel_astbuy10,read,2026-08-28 14:37:29.000,2026-08-28 14:37:33.000,2026-08-28 14:38:16.000
806771852,180758079,2026-08-28 14:39:43.000,WhatsApp9696,API,7942625041_airtel_astbuy10,read,2026-08-28 14:39:34.000,2026-08-28 14:39:35.000,2026-08-28 14:43:39.000
807555498,131750605,2026-08-28 20:18:01.000,WhatsApp9696,API,7942545532_airtel_astbuy10,read,2026-08-28 20:17:53.000,2026-08-28 20:17:56.000,2026-08-28 21:33:07.000
807590826,131750605,2026-08-28 20:33:43.000,WhatsApp9696,API,8047817531_airtel_astbuy10,read,2026-08-28 20:33:34.000,2026-08-28 20:33:40.000,2026-08-28 21:33:07.000
808513061,180758079,2026-08-29 10:27:15.000,WhatsApp9696,API,,read,2026-08-29 10:27:06.000,2026-08-29 10:27:06.000,2026-08-29 10:27:55.000
808668352,131750605,2026-08-29 11:15:17.000,WhatsApp9696,API,,failed,2026-08-29 11:15:11.000,,
807069284,131750605,2026-08-28 16:42:14.000,WhatsApp9696,API,7942625041_airtel_astbuy10,read,2026-08-28 16:42:03.000,2026-08-28 16:42:06.000,2026-08-28 16:45:20.000
807132282,131750605,2026-08-28 17:10:01.000,WhatsApp9696,API,8047625310_airtel_astbuy10,read,2026-08-28 17:09:51.000,2026-08-28 17:09:55.000,2026-08-28 18:53:26.000
808900122,79859904,2026-08-29 12:18:54.000,WhatsApp9696,USER,,delivered,2026-08-29 12:18:52.000,2026-08-29 12:18:52.000,2026-08-29 12:18:52.000
808900533,79859904,2026-08-29 12:19:00.000,WhatsApp9696,API,,read,2026-08-29 12:18:56.000,2026-08-29 12:18:56.000,2026-08-29 12:18:56.000
808900616,79859904,2026-08-29 12:19:01.000,WhatsApp9696,USER,,delivered,2026-08-29 12:19:00.000,2026-08-29 12:19:00.000,2026-08-29 12:19:00.000
808900639,79859904,2026-08-29 12:19:01.000,WhatsApp9696,API,,read,2026-08-29 12:18:56.000,2026-08-29 12:18:56.000,2026-08-29 12:18:56.000
808901040,79859904,2026-08-29 12:19:08.000,WhatsApp9696,API,,read,2026-08-29 12:19:02.000,2026-08-29 12:19:02.000,2026-08-29 12:19:02.000
808901105,79859904,2026-08-29 12:19:09.000,WhatsApp9696,USER,,delivered,2026-08-29 12:19:07.000,2026-08-29 12:19:07.000,2026-08-29 12:19:07.000
808901484,79859904,2026-08-29 12:19:14.000,WhatsApp9696,API,,read,2026-08-29 12:19:11.000,2026-08-29 12:19:10.000,2026-08-29 12:19:10.000
808901586,79859904,2026-08-29 12:19:16.000,WhatsApp9696,USER,,delivered,2026-08-29 12:19:14.000,2026-08-29 12:19:14.000,2026-08-29 12:19:14.000
808901937,79859904,2026-08-29 12:19:21.000,WhatsApp9696,API,,read,2026-08-29 12:19:18.000,2026-08-29 12:19:17.000,2026-08-29 12:19:17.000
808902799,79859904,2026-08-29 12:19:33.000,WhatsApp9696,USER,,delivered,2026-08-29 12:19:29.000,2026-08-29 12:19:29.000,2026-08-29 12:19:29.000
808903661,79859904,2026-08-29 12:19:47.000,WhatsApp9696,API,airtel_var8_8047625310_new,read,2026-08-29 12:19:40.000,2026-08-29 12:19:43.000,2026-08-29 12:19:43.000
808904510,79859904,2026-08-29 12:19:58.000,WhatsApp9696,API,8047825943_airtel_astbuy12,read,2026-08-29 12:19:50.000,2026-08-29 12:19:52.000,2026-08-29 12:20:07.000
808904653,79859904,2026-08-29 12:20:01.000,WhatsApp9696,API,7949338050_airtel_astbuy12,read,2026-08-29 12:19:50.000,2026-08-29 12:19:53.000,2026-08-29 12:20:07.000
808905738,79859904,2026-08-29 12:20:16.000,WhatsApp9696,API,8047817531_airtel_astbuy10,read,2026-08-29 12:20:08.000,2026-08-29 12:20:11.000,2026-08-29 12:20:11.000
808906107,79859904,2026-08-29 12:20:22.000,WhatsApp9696,API,7942641605_airtel_astbuy10,read,2026-08-29 12:20:15.000,2026-08-29 12:20:18.000,2026-08-29 12:20:18.000
809724596,79859904,2026-08-29 16:19:45.000,WhatsApp9696,API,,read,2026-08-29 16:19:38.000,2026-08-29 16:19:39.000,2026-08-29 16:20:01.000
809725529,79859904,2026-08-29 16:20:05.000,WhatsApp9696,USER,,delivered,2026-08-29 16:20:04.000,2026-08-29 16:20:04.000,2026-08-29 16:20:04.000
809725848,79859904,2026-08-29 16:20:12.000,WhatsApp9696,API,,read,2026-08-29 16:20:06.000,2026-08-29 16:20:07.000,2026-08-29 16:20:09.000
808923934,79859904,2026-08-29 12:25:24.000,WhatsApp9696,API,,read,2026-08-29 12:25:18.000,2026-08-29 12:25:18.000,2026-08-29 12:25:28.000
808943279,79859904,2026-08-29 12:30:23.000,WhatsApp9696,USER,,delivered,2026-08-29 12:30:21.000,2026-08-29 12:30:21.000,2026-08-29 12:30:21.000
808943881,79859904,2026-08-29 12:30:30.000,WhatsApp9696,API,,read,2026-08-29 12:30:24.000,2026-08-29 12:30:26.000,2026-08-29 12:30:26.000
808959230,79859904,2026-08-29 12:34:26.000,WhatsApp9696,API,8047830324_airtel_astbuy10,read,2026-08-29 12:34:16.000,2026-08-29 12:34:18.000,2026-08-29 12:35:57.000
808966236,79859904,2026-08-29 12:36:08.000,WhatsApp9696,USER,,delivered,2026-08-29 12:36:07.000,2026-08-29 12:36:07.000,2026-08-29 12:36:07.000
808970887,79859904,2026-08-29 12:37:20.000,WhatsApp9696,API,8047625383_airtel_astbuy10,read,2026-08-29 12:37:13.000,2026-08-29 12:37:13.000,2026-08-29 12:37:20.000
807322475,131750605,2026-08-28 18:33:20.000,WhatsApp9696,API,8047825943_airtel_astbuy10,read,2026-08-28 18:33:13.000,2026-08-28 18:33:14.000,2026-08-28 18:53:26.000
808973792,79859904,2026-08-29 12:38:03.000,WhatsApp9696,USER,,delivered,2026-08-29 12:38:01.000,2026-08-29 12:38:01.000,2026-08-29 12:38:01.000
808974338,79859904,2026-08-29 12:38:12.000,WhatsApp9696,API,,read,2026-08-29 12:38:06.000,2026-08-29 12:38:07.000,2026-08-29 12:38:07.000
807367345,131750605,2026-08-28 18:53:19.000,WhatsApp9696,API,,failed,2026-08-28 18:53:11.000,,
809007338,79859904,2026-08-29 12:47:25.000,WhatsApp9696,API,7949082251_airtel_astbuy10,read,2026-08-29 12:47:17.000,2026-08-29 12:47:19.000,2026-08-29 12:47:32.000
809122888,79859904,2026-08-29 13:19:48.000,WhatsApp9696,API,,read,2026-08-29 13:19:39.000,2026-08-29 13:19:42.000,2026-08-29 13:22:30.000
810807352,108096179,2026-08-29 22:42:04.000,WhatsApp9696,USER,,delivered,2026-08-29 22:42:02.000,2026-08-29 22:42:02.000,2026-08-29 22:42:02.000
810807673,108096179,2026-08-29 22:42:13.000,WhatsApp9696,API,,read,2026-08-29 22:42:10.000,2026-08-29 22:42:06.000,2026-08-29 22:42:09.000
810807699,108096179,2026-08-29 22:42:13.000,WhatsApp9696,USER,,delivered,2026-08-29 22:42:11.000,2026-08-29 22:42:11.000,2026-08-29 22:42:11.000
810807974,108096179,2026-08-29 22:42:20.000,WhatsApp9696,API,,read,2026-08-29 22:42:15.000,2026-08-29 22:42:15.000,2026-08-29 22:42:15.000
810808009,108096179,2026-08-29 22:42:21.000,WhatsApp9696,USER,,delivered,2026-08-29 22:42:19.000,2026-08-29 22:42:19.000,2026-08-29 22:42:19.000
810808264,108096179,2026-08-29 22:42:28.000,WhatsApp9696,API,,read,2026-08-29 22:42:23.000,2026-08-29 22:42:23.000,2026-08-29 22:42:23.000
810873241,108096179,2026-08-29 23:12:36.000,WhatsApp9696,API,7942613079_airtel_astbuy12,delivered,2026-08-29 23:12:28.000,2026-08-30 05:15:04.000,
475024155,43232668,2026-04-30 14:20:02.000,WhatsApp9696,API,,DELIVERED,2026-04-30 14:19:56.000,2026-04-30 14:19:56.000,
475031857,43232668,2026-04-30 14:22:55.000,WhatsApp9696,API,,SENT,2026-04-30 14:22:49.000,,
475039132,43232668,2026-04-30 14:25:44.000,WhatsApp9696,API,,DELIVERED,2026-04-30 14:25:39.000,2026-04-30 14:25:39.000,
475056262,43232668,2026-04-30 14:31:56.000,WhatsApp9696,API,,DELIVERED,2026-04-30 14:31:50.000,2026-04-30 14:31:51.000,
717127315,79859904,2026-07-30 16:24:25.000,WhatsApp9696,API,trustseal_airtel_8047662588_new_1,read,2026-07-30 16:24:19.000,2026-07-30 17:18:06.000,2026-07-30 17:18:35.000
717341805,108096179,2026-07-30 17:24:02.000,WhatsApp9696,API,8047817531_airtel_astbuy10,delivered,2026-07-30 17:23:55.000,2026-07-30 17:54:23.000,
717745183,79859904,2026-07-30 19:24:23.000,WhatsApp9696,API,,read,2026-07-30 19:24:16.000,2026-07-30 19:24:19.000,2026-07-31 09:54:22.000
716889239,79859904,2026-07-30 15:18:42.000,WhatsApp9696,USER,,delivered,2026-07-30 15:18:40.000,2026-07-30 15:18:40.000,2026-07-30 15:18:40.000
716889684,79859904,2026-07-30 15:18:50.000,WhatsApp9696,API,,read,2026-07-30 15:18:43.000,2026-07-30 15:18:44.000,2026-07-30 15:18:44.000
716889703,79859904,2026-07-30 15:18:50.000,WhatsApp9696,API,,read,2026-07-30 15:18:44.000,2026-07-30 15:18:44.000,2026-07-30 15:18:44.000
716889997,79859904,2026-07-30 15:18:54.000,WhatsApp9696,USER,,delivered,2026-07-30 15:18:53.000,2026-07-30 15:18:53.000,2026-07-30 15:18:53.000
716890383,79859904,2026-07-30 15:19:02.000,WhatsApp9696,USER,,delivered,2026-07-30 15:19:00.000,2026-07-30 15:19:00.000,2026-07-30 15:19:00.000
716890386,79859904,2026-07-30 15:19:02.000,WhatsApp9696,API,,read,2026-07-30 15:18:55.000,2026-07-30 15:18:56.000,2026-07-30 15:18:56.000
716890427,79859904,2026-07-30 15:19:03.000,WhatsApp9696,API,,read,2026-07-30 15:18:56.000,2026-07-30 15:18:56.000,2026-07-30 15:18:56.000
716890654,79859904,2026-07-30 15:19:07.000,WhatsApp9696,USER,,delivered,2026-07-30 15:19:05.000,2026-07-30 15:19:05.000,2026-07-30 15:19:05.000
716890759,79859904,2026-07-30 15:19:09.000,WhatsApp9696,API,,read,2026-07-30 15:19:03.000,2026-07-30 15:19:03.000,2026-07-30 15:19:03.000
716891109,79859904,2026-07-30 15:19:14.000,WhatsApp9696,API,,read,2026-07-30 15:19:08.000,2026-07-30 15:19:08.000,2026-07-30 15:19:08.000
716891135,79859904,2026-07-30 15:19:14.000,WhatsApp9696,USER,,delivered,2026-07-30 15:19:13.000,2026-07-30 15:19:13.000,2026-07-30 15:19:13.000
716891608,79859904,2026-07-30 15:19:22.000,WhatsApp9696,API,,read,2026-07-30 15:19:15.000,2026-07-30 15:19:16.000,2026-07-30 15:19:16.000
716909239,79859904,2026-07-30 15:24:27.000,WhatsApp9696,API,airtel_var8_8047662588_new,read,2026-07-30 15:24:21.000,2026-07-30 15:24:35.000,2026-07-30 15:25:41.000
716909982,79859904,2026-07-30 15:24:39.000,WhatsApp9696,API,8047825943_airtel_astbuy12,read,2026-07-30 15:24:32.000,2026-07-30 15:24:43.000,2026-07-30 15:25:41.000
716909988,79859904,2026-07-30 15:24:39.000,WhatsApp9696,API,8047625310_airtel_astbuy12,read,2026-07-30 15:24:32.000,2026-07-30 15:24:43.000,2026-07-30 15:25:41.000
716910855,79859904,2026-07-30 15:24:53.000,WhatsApp9696,API,7942613079_airtel_astbuy10,read,2026-07-30 15:24:47.000,2026-07-30 15:25:03.000,2026-07-30 15:25:41.000
716913634,79859904,2026-07-30 15:25:39.000,WhatsApp9696,API,7942616554_airtel_astbuy10,read,2026-07-30 15:25:32.000,2026-07-30 15:25:44.000,2026-07-30 15:29:03.000
716915147,79859904,2026-07-30 15:26:04.000,WhatsApp9696,API,8045910752_airtel_astbuy10,read,2026-07-30 15:25:58.000,2026-07-30 15:26:18.000,2026-07-30 15:29:03.000
716922447,79859904,2026-07-30 15:28:05.000,WhatsApp9696,API,8047817531_airtel_astbuy10,read,2026-07-30 15:27:59.000,2026-07-30 15:28:14.000,2026-07-30 15:29:03.000
716925695,79859904,2026-07-30 15:29:02.000,WhatsApp9696,API,8047830324_airtel_astbuy10,read,2026-07-30 15:28:56.000,2026-07-30 15:29:09.000,2026-07-30 15:29:22.000
716942490,79859904,2026-07-30 15:33:16.000,WhatsApp9696,USER,,delivered,2026-07-30 15:33:11.000,2026-07-30 15:33:11.000,2026-07-30 15:33:11.000
716943067,79859904,2026-07-30 15:33:27.000,WhatsApp9696,API,,read,2026-07-30 15:33:20.000,2026-07-30 15:33:21.000,2026-07-30 15:37:24.000
630727917,79859904,2026-06-30 17:23:39.000,WhatsApp9696,API,,read,2026-06-30 17:23:33.000,2026-06-30 17:23:34.000,2026-06-30 17:32:58.000
629988492,79859904,2026-06-30 13:18:28.000,WhatsApp9696,USER,,delivered,2026-06-30 13:18:26.000,2026-06-30 13:18:26.000,2026-06-30 13:18:26.000
629988864,79859904,2026-06-30 13:18:36.000,WhatsApp9696,API,,read,2026-06-30 13:18:30.000,2026-06-30 13:18:30.000,2026-06-30 13:20:05.000
629994135,79859904,2026-06-30 13:20:21.000,WhatsApp9696,API,,read,2026-06-30 13:20:14.000,2026-06-30 13:20:16.000,2026-06-30 13:20:16.000
629994175,79859904,2026-06-30 13:20:22.000,WhatsApp9696,USER,,delivered,2026-06-30 13:20:21.000,2026-06-30 13:20:21.000,2026-06-30 13:20:21.000
630002935,79859904,2026-06-30 13:22:58.000,WhatsApp9696,USER,,delivered,2026-06-30 13:22:57.000,2026-06-30 13:22:57.000,2026-06-30 13:22:57.000
630003742,79859904,2026-06-30 13:23:14.000,WhatsApp9696,USER,,delivered,2026-06-30 13:23:12.000,2026-06-30 13:23:12.000,2026-06-30 13:23:12.000
630004039,79859904,2026-06-30 13:23:21.000,WhatsApp9696,API,,read,2026-06-30 13:23:15.000,2026-06-30 13:23:15.000,2026-06-30 13:23:15.000
630004470,79859904,2026-06-30 13:23:29.000,WhatsApp9696,USER,,delivered,2026-06-30 13:23:26.000,2026-06-30 13:23:26.000,2026-06-30 13:23:26.000
630005088,79859904,2026-06-30 13:23:41.000,WhatsApp9696,API,,read,2026-06-30 13:23:35.000,2026-06-30 13:23:36.000,2026-06-30 13:23:41.000
630006367,79859904,2026-06-30 13:24:04.000,WhatsApp9696,API,,read,2026-06-30 13:23:58.000,2026-06-30 13:23:58.000,2026-06-30 13:24:19.000
630006760,79859904,2026-06-30 13:24:10.000,WhatsApp9696,API,,read,2026-06-30 13:24:04.000,2026-06-30 13:24:04.000,2026-06-30 13:24:19.000
630007155,79859904,2026-06-30 13:24:17.000,WhatsApp9696,API,,read,2026-06-30 13:24:11.000,2026-06-30 13:24:14.000,2026-06-30 13:24:19.000
630007217,79859904,2026-06-30 13:24:18.000,WhatsApp9696,API,,read,2026-06-30 13:24:12.000,2026-06-30 13:24:16.000,2026-06-30 13:24:19.000
630014452,79859904,2026-06-30 13:26:35.000,WhatsApp9696,API,,read,2026-06-30 13:26:28.000,2026-06-30 13:26:31.000,2026-06-30 13:29:37.000
483923836,146010610,2026-05-04 12:09:21.000,WhatsApp9696,USER,,DELIVERED,2026-05-04 12:09:19.000,2026-05-04 12:09:19.000,
483924187,146010610,2026-05-04 12:09:30.000,WhatsApp9696,API,,READ,2026-05-04 12:09:22.000,2026-05-04 12:09:23.000,2026-05-04 12:09:24.000
483936034,146010610,2026-05-04 12:14:29.000,WhatsApp9696,API,,READ,2026-05-04 12:14:23.000,2026-05-04 12:14:23.000,2026-05-05 10:07:44.000
483948796,146010610,2026-05-04 12:19:27.000,WhatsApp9696,USER,,DELIVERED,2026-05-04 12:19:25.000,2026-05-04 12:19:25.000,
483948970,146010610,2026-05-04 12:19:30.000,WhatsApp9696,API,,READ,2026-05-04 12:19:24.000,2026-05-04 12:19:25.000,2026-05-05 10:07:44.000
483949181,146010610,2026-05-04 12:19:35.000,WhatsApp9696,API,,READ,2026-05-04 12:19:28.000,2026-05-04 12:19:29.000,2026-05-05 10:07:44.000
483949219,146010610,2026-05-04 12:19:35.000,WhatsApp9696,API,,READ,2026-05-04 12:19:29.000,2026-05-04 12:19:30.000,2026-05-05 10:07:44.000
484106465,146010610,2026-05-04 13:19:31.000,WhatsApp9696,API,,READ,2026-05-04 13:19:25.000,2026-05-04 13:19:26.000,2026-05-05 10:07:44.000
724609105,41440640,2026-08-01 21:08:06.000,WhatsApp9696,USER,,delivered,2026-08-01 21:08:04.000,2026-08-01 21:08:04.000,2026-08-01 21:08:04.000
724609427,41440640,2026-08-01 21:08:12.000,WhatsApp9696,USER,,delivered,2026-08-01 21:08:11.000,2026-08-01 21:08:11.000,2026-08-01 21:08:11.000
724609545,41440640,2026-08-01 21:08:15.000,WhatsApp9696,API,,read,2026-08-01 21:08:08.000,2026-08-01 21:08:09.000,2026-08-01 21:08:09.000
724609611,41440640,2026-08-01 21:08:16.000,WhatsApp9696,API,,read,2026-08-01 21:08:09.000,2026-08-01 21:08:10.000,2026-08-01 21:08:10.000
724609801,41440640,2026-08-01 21:08:20.000,WhatsApp9696,API,,read,2026-08-01 21:08:14.000,2026-08-01 21:08:14.000,2026-08-01 21:08:14.000
724609874,41440640,2026-08-01 21:08:22.000,WhatsApp9696,USER,,delivered,2026-08-01 21:08:20.000,2026-08-01 21:08:20.000,2026-08-01 21:08:20.000
724610300,41440640,2026-08-01 21:08:30.000,WhatsApp9696,API,,read,2026-08-01 21:08:24.000,2026-08-01 21:08:24.000,2026-08-01 21:08:24.000
724610334,41440640,2026-08-01 21:08:30.000,WhatsApp9696,API,,read,2026-08-01 21:08:23.000,2026-08-01 21:08:23.000,2026-08-01 21:08:23.000
724611029,41440640,2026-08-01 21:08:42.000,WhatsApp9696,USER,,delivered,2026-08-01 21:08:41.000,2026-08-01 21:08:41.000,2026-08-01 21:08:41.000
724611456,41440640,2026-08-01 21:08:49.000,WhatsApp9696,USER,,delivered,2026-08-01 21:08:48.000,2026-08-01 21:08:48.000,2026-08-01 21:08:48.000
724611492,41440640,2026-08-01 21:08:50.000,WhatsApp9696,API,,read,2026-08-01 21:08:43.000,2026-08-01 21:08:44.000,2026-08-01 21:08:44.000
724611527,41440640,2026-08-01 21:08:50.000,WhatsApp9696,API,,read,2026-08-01 21:08:44.000,2026-08-01 21:08:44.000,2026-08-01 21:08:44.000
724611841,41440640,2026-08-01 21:08:57.000,WhatsApp9696,API,,read,2026-08-01 21:08:51.000,2026-08-01 21:08:51.000,2026-08-01 21:08:51.000
724626557,41440640,2026-08-01 21:14:03.000,WhatsApp9696,API,airtel_var8_8047662588_new,read,2026-08-01 21:13:56.000,2026-08-01 21:13:57.000,2026-08-01 21:17:40.000
724626831,41440640,2026-08-01 21:14:10.000,WhatsApp9696,API,8047625310_airtel_astbuy12,read,2026-08-01 21:14:03.000,2026-08-01 21:14:04.000,2026-08-01 21:17:40.000
724626909,41440640,2026-08-01 21:14:11.000,WhatsApp9696,API,7942613079_airtel_astbuy12,read,2026-08-01 21:14:04.000,2026-08-01 21:14:05.000,2026-08-01 21:17:40.000
724801319,41440640,2026-08-01 22:14:00.000,WhatsApp9696,API,trustseal_airtel_8047662588_new_1,read,2026-08-01 22:13:54.000,2026-08-01 22:13:54.000,2026-08-02 10:50:48.000
725163855,41440640,2026-08-02 01:17:19.000,WhatsApp9696,API,7942616554_airtel_astbuy10,read,2026-08-02 01:17:12.000,2026-08-02 01:17:12.000,2026-08-02 10:50:48.000
725670047,41440640,2026-08-02 10:29:57.000,WhatsApp9696,API,8047825943_airtel_astbuy10,read,2026-08-02 10:29:50.000,2026-08-02 10:29:51.000,2026-08-02 10:50:48.000
725723952,41440640,2026-08-02 10:50:20.000,WhatsApp9696,API,singleseller_actual_reply_airtel_8047825943,read,2026-08-02 10:50:13.000,2026-08-02 10:50:14.000,2026-08-02 10:50:48.000
728497089,41440640,2026-08-03 10:29:11.000,WhatsApp9696,API,7942625041_airtel_astbuy10,read,2026-08-03 10:29:04.000,2026-08-03 10:29:04.000,2026-08-03 11:00:24.000
840857555,211860075,2026-09-07 14:11:17.000,WhatsApp8181,API,,read,2026-09-05 14:40:08.000,2026-09-05 14:40:10.000,2026-09-05 14:41:18.000
840860202,211860075,2026-09-07 14:11:28.000,WhatsApp8181,USER,,delivered,2026-09-05 14:41:28.000,2026-09-05 14:41:28.000,
840864665,211860075,2026-09-07 14:11:52.000,WhatsApp8181,API,,read,2026-09-05 14:42:34.000,2026-09-05 14:42:35.000,2026-09-05 14:46:42.000
841164258,211860075,2026-09-07 14:34:13.000,WhatsApp8181,API,,read,2026-09-05 16:32:07.000,2026-09-05 16:32:09.000,2026-09-05 17:07:19.000
841268556,211860075,2026-09-07 14:41:49.000,WhatsApp8181,API,,read,2026-09-05 17:08:22.000,2026-09-05 17:08:23.000,2026-09-05 18:20:34.000
899864825,108829176,2026-09-17 09:21:56.000,WhatsApp8181,API,ai_photo_hinglish_temp,sent,2026-09-17 09:17:40.000,,
672742938,217760886,2026-07-15 15:59:24.000,WhatsApp9696,USER,,delivered,2026-07-15 15:59:22.000,2026-07-15 15:59:22.000,2026-07-15 15:59:22.000
672743291,217760886,2026-07-15 15:59:30.000,WhatsApp9696,USER,,delivered,2026-07-15 15:59:29.000,2026-07-15 15:59:29.000,2026-07-15 15:59:29.000
672743402,217760886,2026-07-15 15:59:32.000,WhatsApp9696,API,,delivered,2026-07-15 15:59:25.000,2026-07-15 15:59:26.000,
672743508,217760886,2026-07-15 15:59:34.000,WhatsApp9696,API,,delivered,2026-07-15 15:59:26.000,2026-07-15 15:59:26.000,
672743719,217760886,2026-07-15 15:59:38.000,WhatsApp9696,API,,delivered,2026-07-15 15:59:32.000,2026-07-15 15:59:32.000,
672744111,217760886,2026-07-15 15:59:45.000,WhatsApp9696,USER,,delivered,2026-07-15 15:59:43.000,2026-07-15 15:59:43.000,2026-07-15 15:59:43.000
672744470,217760886,2026-07-15 15:59:52.000,WhatsApp9696,API,,delivered,2026-07-15 15:59:46.000,2026-07-15 15:59:46.000,
672744868,217760886,2026-07-15 16:00:00.000,WhatsApp9696,USER,,delivered,2026-07-15 15:59:58.000,2026-07-15 15:59:58.000,2026-07-15 15:59:58.000
672745202,217760886,2026-07-15 16:00:08.000,WhatsApp9696,API,,delivered,2026-07-15 16:00:02.000,2026-07-15 16:00:02.000,
672747210,217760886,2026-07-15 16:00:44.000,WhatsApp9696,USER,,delivered,2026-07-15 16:00:43.000,2026-07-15 16:00:43.000,2026-07-15 16:00:43.000
672747634,217760886,2026-07-15 16:00:50.000,WhatsApp9696,USER,,delivered,2026-07-15 16:00:49.000,2026-07-15 16:00:49.000,2026-07-15 16:00:49.000
672747799,217760886,2026-07-15 16:00:52.000,WhatsApp9696,API,,delivered,2026-07-15 16:00:45.000,2026-07-15 16:00:46.000,
672748403,217760886,2026-07-15 16:01:02.000,WhatsApp9696,API,,delivered,2026-07-15 16:00:55.000,2026-07-15 16:00:55.000,
672748841,217760886,2026-07-15 16:01:09.000,WhatsApp9696,API,,delivered,2026-07-15 16:01:02.000,2026-07-15 16:01:02.000,
672757018,217760886,2026-07-15 16:03:32.000,WhatsApp9696,API,,delivered,2026-07-15 16:03:25.000,2026-07-15 16:03:26.000,
672792968,217760886,2026-07-15 16:15:12.000,WhatsApp9696,API,,delivered,2026-07-15 16:15:05.000,2026-07-15 16:15:05.000,
672867092,217760886,2026-07-15 16:37:13.000,WhatsApp9696,API,,delivered,2026-07-15 16:37:06.000,2026-07-15 16:37:07.000,
672942241,217760886,2026-07-15 17:00:59.000,WhatsApp9696,API,,delivered,2026-07-15 17:00:53.000,2026-07-15 17:00:53.000,
673336556,217760886,2026-07-15 19:17:39.000,WhatsApp9696,API,,delivered,2026-07-15 19:17:32.000,2026-07-15 19:17:33.000,
673378699,217760886,2026-07-15 19:33:46.000,WhatsApp9696,API,,delivered,2026-07-15 19:33:40.000,2026-07-15 19:33:40.000,
673447480,217760886,2026-07-15 20:00:58.000,WhatsApp9696,API,,delivered,2026-07-15 20:00:52.000,2026-07-15 20:00:52.000,
901217526,211860075,2026-09-17 12:27:16.000,WhatsApp8181,API,ai_photo_hinglish_temp,read,2026-09-17 12:27:09.000,2026-09-17 12:27:10.000,2026-09-17 12:41:48.000
903121046,108829176,2026-09-17 17:27:17.000,WhatsApp8181,API,ai_nudge_13_1,sent,2026-09-17 17:27:09.000,,
904180321,211860075,2026-09-17 20:37:05.000,WhatsApp8181,API,ai_nudge_13_1,read,2026-09-17 20:36:56.000,2026-09-17 20:36:57.000,2026-09-17 20:46:30.000
846694598,210867787,2026-09-07 21:06:52.000,WhatsApp8181,API,ai_photo_english_temp3,delivered,2026-09-07 16:47:34.000,2026-09-07 16:47:34.000,
847032180,211860075,2026-09-07 21:29:13.000,WhatsApp8181,API,,failed,2026-09-07 18:04:26.000,,
849204025,210867787,2026-09-08 10:06:35.000,WhatsApp8181,API,ai_nudge_13_1,delivered,2026-09-08 10:06:25.000,2026-09-08 10:06:28.000,
746378824,108829176,2026-08-08 14:08:45.000,WhatsApp9696,USER,,delivered,2026-08-08 14:08:43.000,2026-08-08 14:08:43.000,2026-08-08 14:08:43.000
746379299,108829176,2026-08-08 14:08:53.000,WhatsApp9696,API,,read,2026-08-08 14:08:47.000,2026-08-08 14:08:47.000,2026-08-08 14:08:47.000
746379489,108829176,2026-08-08 14:08:56.000,WhatsApp9696,USER,,delivered,2026-08-08 14:08:55.000,2026-08-08 14:08:55.000,2026-08-08 14:08:55.000
746379993,108829176,2026-08-08 14:09:04.000,WhatsApp9696,API,,read,2026-08-08 14:08:58.000,2026-08-08 14:08:58.000,2026-08-08 14:08:58.000
746398152,108829176,2026-08-08 14:14:04.000,WhatsApp9696,API,,read,2026-08-08 14:13:58.000,2026-08-08 14:13:58.000,2026-08-08 14:14:05.000
746416375,108829176,2026-08-08 14:19:11.000,WhatsApp9696,API,airtel_var8_7942613079_new,sent,2026-08-08 14:19:04.000,,
746593502,108829176,2026-08-08 15:06:40.000,WhatsApp9696,API,8047662588_airtel_astbuy10,sent,2026-08-08 15:06:34.000,,
746640038,108829176,2026-08-08 15:19:09.000,WhatsApp9696,API,trustseal_airtel_7942613079_new_1,sent,2026-08-08 15:19:02.000,,
746745534,108829176,2026-08-08 15:48:26.000,WhatsApp9696,API,7942616554_airtel_astbuy10,sent,2026-08-08 15:48:20.000,,
747260964,108829176,2026-08-08 18:18:44.000,WhatsApp9696,API,7942625041_airtel_astbuy10,sent,2026-08-08 18:18:38.000,,
748203083,108829176,2026-08-08 23:21:09.000,WhatsApp9696,API,8047625310_airtel_astbuy10,sent,2026-08-08 23:21:02.000,,
805966930,108829176,2026-08-28 09:06:51.000,WhatsApp9696,API,8047825943_airtel_astbuy10,sent,2026-08-28 09:06:44.000,,
806002974,108829176,2026-08-28 09:29:28.000,WhatsApp9696,API,8047817531_airtel_astbuy10,sent,2026-08-28 09:29:19.000,,
863632644,66179566,2026-09-10 16:03:26.000,WhatsApp9696,USER,,delivered,2026-09-10 16:03:25.000,2026-09-10 16:03:25.000,2026-09-10 16:03:25.000
863633008,66179566,2026-09-10 16:03:30.000,WhatsApp9696,API,paid_seller_feedback_sep25_2,read,2026-09-10 16:03:22.000,2026-09-10 16:03:23.000,2026-09-10 16:08:23.000
863633427,66179566,2026-09-10 16:03:34.000,WhatsApp9696,API,,read,2026-09-10 16:03:28.000,2026-09-10 16:03:28.000,2026-09-10 16:08:23.000
689488097,66179566,2026-07-21 14:31:36.000,WhatsApp9696,USER,,delivered,2026-07-21 14:31:35.000,2026-07-21 14:31:35.000,2026-07-21 14:31:35.000
689488316,66179566,2026-07-21 14:31:40.000,WhatsApp9696,API,,delivered,2026-07-21 14:31:34.000,2026-07-21 14:31:35.000,
689488527,66179566,2026-07-21 14:31:44.000,WhatsApp9696,API,,delivered,2026-07-21 14:31:38.000,2026-07-21 14:31:39.000,
915013698,211860075,2026-09-19 18:57:48.000,WhatsApp8181,API,ai_photo_hinglish_seller2,read,2026-09-19 18:57:22.000,2026-09-19 18:57:42.000,2026-09-19 18:57:59.000
916509713,211860075,2026-09-20 02:12:37.000,WhatsApp8181,API,,failed,2026-09-20 02:12:28.000,,
975676957,211860075,2026-09-30 12:35:21.000,WhatsApp8181,API,ai_photo_hinglish_temp,read,2026-09-30 12:35:09.000,2026-09-30 12:35:14.000,2026-09-30 12:58:16.000
978492757,211860075,2026-09-30 20:38:03.000,WhatsApp8181,API,ai_nudge_13_1,read,2026-09-30 20:37:57.000,2026-09-30 20:37:59.000,2026-09-30 21:10:42.000
978492757,211860075,2026-09-30 20:38:03.000,WhatsApp8181,API,ai_nudge_13_1,delivered,2026-09-30 20:37:57.000,2026-09-30 20:37:59.000,
978652019,211860075,2026-09-30 21:10:48.000,WhatsApp8181,USER,ai_nudge_13_1,delivered,2026-09-30 21:10:45.000,2026-09-30 21:10:45.000,
978652481,211860075,2026-09-30 21:10:55.000,WhatsApp8181,API,,read,2026-09-30 21:10:49.000,2026-09-30 21:10:50.000,2026-09-30 21:10:52.000
978652511,211860075,2026-09-30 21:10:56.000,WhatsApp8181,API,,read,2026-09-30 21:10:50.000,2026-09-30 21:10:52.000,2026-09-30 21:10:52.000
978670972,211860075,2026-09-30 21:15:58.000,WhatsApp8181,API,,read,2026-09-30 21:15:51.000,2026-09-30 21:16:02.000,2026-09-30 21:17:54.000
978688533,211860075,2026-09-30 21:21:00.000,WhatsApp8181,API,,read,2026-09-30 21:20:53.000,2026-09-30 21:21:02.000,2026-09-30 21:21:34.000
978688615,211860075,2026-09-30 21:21:01.000,WhatsApp8181,API,,read,2026-09-30 21:20:52.000,2026-09-30 21:21:02.000,2026-09-30 21:21:34.000
978689784,211860075,2026-09-30 21:21:20.000,WhatsApp8181,API,8181_airtel_8047625310_astbuy2,read,2026-09-30 21:21:10.000,2026-09-30 21:21:15.000,2026-09-30 21:21:34.000
978689797,211860075,2026-09-30 21:21:20.000,WhatsApp8181,API,8181_airtel_7942794500_astbuy2,read,2026-09-30 21:21:11.000,2026-09-30 21:21:15.000,2026-09-30 21:21:34.000
978963284,211860075,2026-09-30 22:46:19.000,WhatsApp8181,API,8181_airtel_8047825943_bl,read,2026-09-30 22:46:09.000,2026-09-30 22:46:13.000,2026-09-30 22:46:17.000
980411193,211860075,2026-10-01 10:33:22.000,WhatsApp8181,API,8181_airtel_8047817531_bl,read,2026-10-01 10:33:16.000,2026-10-01 10:33:17.000,2026-10-01 10:33:21.000
982512076,211860075,2026-10-01 16:20:42.000,WhatsApp8181,API,8181_airtel_8047830324_astbuy2,read,2026-10-01 16:20:35.000,2026-10-01 16:20:37.000,2026-10-01 16:57:13.000
982911032,211860075,2026-10-01 17:25:07.000,WhatsApp8181,API,8181_airtel_8045910752_bl,delivered,2026-10-01 17:25:00.000,2026-10-01 17:25:02.000,
982911032,211860075,2026-10-01 17:25:07.000,WhatsApp8181,API,8181_airtel_8045910752_bl,read,2026-10-01 17:25:00.000,2026-10-01 17:25:02.000,2026-10-01 18:34:18.000
983529518,211860075,2026-10-01 19:15:21.000,WhatsApp9696,API,,failed,2026-10-01 19:15:13.000,,
984498674,211860075,2026-10-01 23:14:51.000,WhatsApp9696,API,,failed,2026-10-01 23:14:42.000,,
924553155,211860075,2026-09-21 15:15:39.000,WhatsApp8181,API,ai_photo_hinglish_temp,read,2026-09-21 15:15:32.000,2026-09-21 15:15:33.000,2026-09-21 16:47:00.000
926597853,211860075,2026-09-21 20:40:37.000,WhatsApp8181,API,,failed,2026-09-21 20:40:28.000,,
700497054,211860075,2026-07-25 11:33:29.000,WhatsApp9696,USER,,delivered,2026-07-25 11:33:27.000,2026-07-25 11:33:27.000,2026-07-25 11:33:27.000
700497391,211860075,2026-07-25 11:33:37.000,WhatsApp9696,API,,read,2026-07-25 11:33:31.000,2026-07-25 11:33:32.000,2026-07-25 11:33:41.000
700497411,211860075,2026-07-25 11:33:37.000,WhatsApp9696,API,,read,2026-07-25 11:33:31.000,2026-07-25 11:33:32.000,2026-07-25 11:33:41.000
700515180,211860075,2026-07-25 11:38:38.000,WhatsApp9696,API,,read,2026-07-25 11:38:32.000,2026-07-25 11:38:33.000,2026-07-25 11:43:43.000
700532051,211860075,2026-07-25 11:43:39.000,WhatsApp9696,API,,read,2026-07-25 11:43:33.000,2026-07-25 11:43:33.000,2026-07-25 11:43:43.000
700532453,211860075,2026-07-25 11:43:46.000,WhatsApp9696,API,airtel_var8_7942613079_new,read,2026-07-25 11:43:40.000,2026-07-25 11:43:41.000,2026-07-25 11:43:43.000
700747574,211860075,2026-07-25 12:43:42.000,WhatsApp9696,API,trustseal_airtel_7942613079_new_1,read,2026-07-25 12:43:35.000,2026-07-25 12:43:37.000,2026-07-25 13:16:58.000
928231311,211860075,2026-09-22 09:33:41.000,WhatsApp8181,API,ai_nudge_13_1,read,2026-09-22 09:33:33.000,2026-09-22 09:33:46.000,2026-09-22 09:34:09.000
930666633,211860075,2026-09-22 15:02:06.000,WhatsApp8181,API,,failed,2026-09-22 15:02:00.000,,
935100695,146010610,2026-09-23 10:43:36.000,WhatsApp9696,USER,,delivered,2026-09-23 10:43:34.000,2026-09-23 10:43:34.000,2026-09-23 10:43:34.000
935101680,146010610,2026-09-23 10:43:44.000,WhatsApp9696,API,,delivered,2026-09-23 10:43:38.000,2026-09-23 10:43:38.000,
935101854,146010610,2026-09-23 10:43:45.000,WhatsApp9696,API,,delivered,2026-09-23 10:43:37.000,2026-09-23 10:43:38.000,
935102296,146010610,2026-09-23 10:43:49.000,WhatsApp9696,USER,,delivered,2026-09-23 10:43:48.000,2026-09-23 10:43:48.000,2026-09-23 10:43:48.000
935103302,146010610,2026-09-23 10:43:58.000,WhatsApp9696,API,,delivered,2026-09-23 10:43:51.000,2026-09-23 10:43:51.000,
935107064,146010610,2026-09-23 10:44:32.000,WhatsApp9696,USER,,delivered,2026-09-23 10:44:30.000,2026-09-23 10:44:30.000,2026-09-23 10:44:30.000
935108113,146010610,2026-09-23 10:44:40.000,WhatsApp9696,USER,,delivered,2026-09-23 10:44:39.000,2026-09-23 10:44:39.000,2026-09-23 10:44:39.000
935108384,146010610,2026-09-23 10:44:43.000,WhatsApp9696,API,,delivered,2026-09-23 10:44:36.000,2026-09-23 10:44:37.000,
935108538,146010610,2026-09-23 10:44:44.000,WhatsApp9696,API,,delivered,2026-09-23 10:44:37.000,2026-09-23 10:44:37.000,
935109303,146010610,2026-09-23 10:44:51.000,WhatsApp9696,API,,delivered,2026-09-23 10:44:46.000,2026-09-23 10:44:46.000,
935109530,146010610,2026-09-23 10:44:53.000,WhatsApp9696,API,,delivered,2026-09-23 10:44:45.000,2026-09-23 10:44:45.000,
935111999,146010610,2026-09-23 10:45:14.000,WhatsApp9696,USER,,delivered,2026-09-23 10:45:12.000,2026-09-23 10:45:12.000,2026-09-23 10:45:12.000
935113158,146010610,2026-09-23 10:45:24.000,WhatsApp9696,API,,delivered,2026-09-23 10:45:18.000,2026-09-23 10:45:18.000,
935113314,146010610,2026-09-23 10:45:25.000,WhatsApp9696,API,,delivered,2026-09-23 10:45:18.000,2026-09-23 10:45:18.000,
935113914,146010610,2026-09-23 10:45:30.000,WhatsApp9696,USER,,delivered,2026-09-23 10:45:29.000,2026-09-23 10:45:29.000,2026-09-23 10:45:29.000
935115045,146010610,2026-09-23 10:45:40.000,WhatsApp9696,API,,delivered,2026-09-23 10:45:33.000,2026-09-23 10:45:33.000,
806679829,108829176,2026-08-28 14:04:16.000,WhatsApp9696,API,7942545532_airtel_astbuy10,sent,2026-08-28 14:04:09.000,,
806837800,108829176,2026-08-28 15:05:42.000,WhatsApp9696,API,,failed,2026-08-28 15:05:38.000,,
629458165,248930282,2026-06-30 10:28:53.000,WhatsApp9696,API,,delivered,2026-06-30 10:28:46.000,2026-06-30 10:28:48.000,
